7.006598071460305999e-01 5.087100323969430127e-01 6.898292686979649035e-01 5.077428080267825106e-01 6.900476743372119248e-01 5.077327806122449161e-01
6.942320044023276848e-01 5.219325214406870250e-01 6.852397130707562622e-01 5.536003011768146909e-01 6.801275951521736918e-01 5.880739795310157003e-01
6.858739191598265394e-01 5.502568631276597566e-01 6.754162715653241333e-01 5.780901535082672016e-01 6.721377448768032226e-01 5.884725764697912309e-01
6.778376420048901618e-01 5.708009361350623312e-01 6.862397193908691406e-01 5.325950606394622699e-01 6.893265743036659510e-01 5.315927933825521645e-01
6.686930808707745033e-01 5.850771582909743973e-01 6.550654637611518227e-01 6.166508702908531925e-01 6.530200650497358650e-01 6.193957271016373722e-01
6.401180581454812835e-01 6.363431254442590834e-01 6.100334080599122411e-01 6.640973464917327984e-01 6.117727292739615352e-01 6.651147959791884334e-01
5.916769582859791043e-01 6.786635196121939551e-01 5.955728767281871505e-01 6.699236176781735441e-01 5.886717645489439876e-01 6.762914542032747445e-01
5.652327861664069308e-01 7.049721318439845508e-01 5.551573917017145199e-01 7.112371770002073879e-01 5.526995885432982591e-01 7.161431761116398009e-01
5.415439951593858936e-01 7.216706998156805497e-01 5.402299110162056550e-01 7.224994423025745682e-01 5.356245758582134364e-01 7.311304208575463148e-01
5.299988569569413777e-01 7.327460529160325642e-01 5.444748411744327887e-01 7.261582855450905427e-01 5.372922758058625847e-01 7.328603316326530726e-01
5.132810001390694099e-01 7.426635396741602113e-01 5.680027821306454783e-01 6.928663021427089452e-01 5.561270012843365640e-01 7.037149235910299394e-01
4.983386084111067760e-01 7.539843503576125761e-01 5.271349771548126117e-01 7.362288135593220151e-01 5.228093902067262322e-01 7.377391582240864221e-01
4.873357336886607882e-01 7.619406537417947600e-01 5.220041103282216932e-01 7.427171610169491789e-01 5.179884287775778917e-01 7.427455357142856984e-01
4.723201283138163675e-01 7.718878927892142139e-01 5.350910965668953523e-01 7.261164693509117862e-01 5.391760933764127017e-01 7.202327806426553902e-01
4.528335998528195128e-01 7.847707080144952219e-01 5.073008279679185328e-01 7.521186440677966045e-01 5.062381398617005202e-01 7.510921556730659754e-01
4.415243892339024145e-01 7.920947714443624665e-01 5.086723702438806782e-01 7.454142509880712364e-01 5.035970284014331666e-01 7.455676021624584315e-01
4.312327058210860264e-01 7.966989648603174379e-01 6.487460348565700086e-01 6.482841766486733270e-01 6.279376366612862137e-01 6.582987883261272044e-01
4.188658179592912312e-01 8.051511427781877783e-01 5.582401141271753353e-01 7.195444915254237683e-01 5.458415742127262771e-01 7.217155612853108915e-01
3.983149652498482185e-01 8.179942878493426939e-01 5.376782442553568186e-01 7.253707627118644030e-01 5.238717672776203038e-01 7.297433036930707217e-01
3.904331984528660038e-01 8.249489251714553495e-01 5.247901203268665604e-01 7.406891170194593865e-01 5.327392780050939081e-01 7.366629464893924562e-01
3.763142830699029440e-01 8.324118334881580594e-01 4.860158456584154352e-01 7.626770179150468287e-01 4.836797443579654576e-01 7.643574619171570328e-01
3.704168816117474616e-01 8.351812919561010240e-01 5.168315919779115086e-01 7.474910798719374139e-01 5.205791533297422502e-01 7.443080357446962836e-01
3.634486898888636408e-01 8.392648170464229729e-01 5.113890666072651303e-01 7.439158680075306229e-01 5.131769610606894405e-01 7.444913902757118729e-01
3.604691511523114289e-01 8.400780506377673040e-01 4.959462724499783537e-01 7.627606492931560123e-01 4.936805691341964453e-01 7.628587371840769293e-01
3.367877281712789439e-01 8.562584301851091650e-01 9.826229901637061337e-01 5.940427072977615408e-01 9.375863281287708517e-01 5.979193239187707842e-01
3.276782933160336531e-01 8.573890232691799840e-01 6.822199624473765933e-01 6.937304866515984214e-01 6.749493122404935930e-01 6.902582909987897697e-01
3.245632745271181396e-01 8.592460729779988204e-01 6.937401163375983559e-01 6.957167154651576757e-01 7.467976603276875736e-01 6.757573342444945785e-01
3.158482528515975662e-01 8.617973462508542459e-01 5.525446887743674651e-01 7.330578171600730109e-01 5.327564707520057175e-01 7.428332272232794908e-01
3.059143119484838969e-01 8.694412490747270850e-01 7.442369683314178364e-01 6.867124781770220787e-01 7.143480107188224792e-01 6.891820792640958038e-01
2.894848762419972021e-01 8.763388608493943854e-01 5.558614665168827296e-01 7.483831401598655120e-01 5.710825872968654515e-01 7.437181123057190479e-01
2.876576389709528114e-01 8.743999922362557520e-01 5.355243753578703414e-01 7.576870544482086078e-01 5.295296402610077946e-01 7.587213011420502751e-01
2.805360590454435421e-01 8.784264917791324567e-01 6.213736311864044293e-01 7.166243872400057668e-01 6.283017948878054648e-01 7.131935586126483262e-01
2.649882997039461063e-01 8.875728936961096993e-01 6.961609342340695505e-01 7.204365518133518664e-01 6.618598241891179290e-01 7.255420918975558076e-01
2.672605687466851343e-01 8.846298795546928551e-01 6.850797493579023900e-01 7.209174289541729896e-01 6.364637070468494029e-01 7.294244261420502751e-01
2.475424694971446460e-01 8.966845843913781033e-01 6.650381396382541999e-01 7.252871323440034379e-01 6.474030464887619019e-01 7.292889031220455287e-01
2.445883430051107588e-01 8.985242782718073640e-01 9.228319333771527466e-01 6.544728481163413214e-01 8.657138482952604353e-01 6.630181761420502751e-01
2.361866466864182001e-01 9.026970606650749351e-01 7.327166290606482724e-01 7.176976476685476003e-01 7.158206001836426857e-01 7.171954719387755306e-01
2.283176302257245438e-01 9.035177326550448695e-01 5.865778054221201243e-01 7.546415036007508848e-01 5.811710923301930398e-01 7.506457272232794908e-01
2.217007542613649018e-01 9.091855761778615541e-01 1.274810171733468334e+00 6.340390837798683954e-01 1.266696826687880861e+00 6.307079083457285407e-01
2.295075641931408617e-01 9.030739251714553495e-01 6.929903020293025628e-01 7.415811773073874846e-01 6.887880730993893863e-01 7.356744259595870972e-01
2.043900310884426974e-01 9.174765948831600237e-01 6.522326232013055947e-01 7.567601476685476003e-01 6.477034060018402872e-01 7.553093114069530101e-01
2.030701629654334539e-01 9.154955770847571506e-01 6.231106312598212460e-01 7.595896518836586786e-01 6.314296003203002661e-01 7.545360332849074814e-01
2.024011036014034814e-01 9.177518051906223828e-01 1.170024408122240400e+00 6.491832066390473832e-01 1.115598542805837035e+00 6.552853955298053590e-01
1.912594911825918065e-01 9.224155031851608566e-01 9.793725175372625102e-01 6.928941789319960076e-01 9.758275356523844479e-01 6.925462371840769293e-01
1.941630614608743644e-01 9.197353024552338274e-01 8.755705538442579705e-01 6.992849576271186196e-01 8.081862862621035370e-01 7.080596302236829009e-01
1.779803848505890351e-01 9.272849890437439013e-01 9.775236612659389257e-01 6.930126557915897711e-01 9.170366226106273499e-01 6.996890945093972025e-01
1.733736777610152269e-01 9.327916733539887151e-01 1.061449712615902152e+00 6.753665814965458258e-01 1.001820946682472568e+00 6.810746174685808896e-01
1.870876664880418427e-01 9.237270907764016936e-01 7.672546910027325806e-01 7.481601248353214606e-01 7.503069879449143498e-01 7.492346939991931798e-01
1.683197924255454558e-01 9.329553120327691573e-01 8.689339817580530312e-01 7.307161577677322439e-01 8.204065857797252503e-01 7.359853316934741319e-01
1.607671516002529832e-01 9.338875556514211196e-01 7.257930555586087351e-01 7.580912689031180651e-01 7.060414329171180725e-01 7.598134568151162505e-01
