6.971294292568290807e-01 5.000000000000000000e-01 6.937713097717802535e-01 4.959020968210899327e-01 6.936015483676171156e-01 5.004464285733292161e-01
6.946836270555092341e-01 5.079166336651266267e-01 6.916134579707000629e-01 5.213815792132232563e-01 6.887850186654499440e-01 5.190529336734693855e-01
6.926970159920462500e-01 5.183820611369001075e-01 6.904037907972173649e-01 5.191723350751198396e-01 6.891672182448056461e-01 5.102838010204081565e-01
6.917089323927886335e-01 5.287160821204638372e-01 6.844370769242108521e-01 5.699779775183079211e-01 6.831095352464792159e-01 5.785873725402111978e-01
6.879794562820100712e-01 5.407261583056762744e-01 6.804047105676036544e-01 5.775326157020310713e-01 6.772467664309910207e-01 5.902024872448979886e-01
6.841210392269775342e-01 5.514965488092742341e-01 6.734135787365800319e-01 5.924955394308445422e-01 6.731991682733807769e-01 5.941087372448979886e-01
6.791546035857096708e-01 5.649297842144096471e-01 6.741039924702402208e-01 5.700964543779017957e-01 6.717251326356615815e-01 5.749521684281679867e-01
6.720286203126837332e-01 5.841176414141689976e-01 6.543642999762195878e-01 6.154173168085389500e-01 6.587282069483582081e-01 6.028061224793901385e-01
6.619384323593473507e-01 6.002558713411763058e-01 6.783588882219993010e-01 5.683123327917971590e-01 6.808658997927393708e-01 5.699457908239291548e-01
6.524001969038134563e-01 6.153478061195707394e-01 6.478460259356740858e-01 6.162536245281413638e-01 6.548713141558121231e-01 6.145248724793901385e-01
6.372550782496041455e-01 6.357579936076255267e-01 6.082787837012338938e-01 6.688155107578989123e-01 6.164571319003494532e-01 6.587372449587802770e-01
6.194312424555311614e-01 6.577500200619662563e-01 5.920405408083382337e-01 6.908591662423085866e-01 5.967868280654050617e-01 6.808035714285713969e-01
6.086260106441748752e-01 6.682278444297122810e-01 6.363288527828151464e-01 6.353283898305084332e-01 6.391437893011131521e-01 6.331393496722591552e-01
6.033245307685685122e-01 6.738213070117644587e-01 6.304222951501102790e-01 6.409386153948508635e-01 6.272702017913058814e-01 6.452566966110345748e-01
5.739674605157253362e-01 6.992621391359037375e-01 5.500173391932148270e-01 7.221021965398626286e-01 5.515393558509495975e-01 7.167012116738727956e-01
5.582793335409930169e-01 7.109275825702361384e-01 5.472766221579858925e-01 7.253707627118644030e-01 5.445977190927583367e-01 7.251116070820360360e-01
5.406692924290678048e-01 7.249980164270330985e-01 5.267700143789840750e-01 7.366260593220338437e-01 5.237566320871820391e-01 7.373565052236829009e-01
5.337743907079209871e-01 7.310675182481751744e-01 5.332507142576120573e-01 7.389189338279982255e-01 5.299073787672179403e-01 7.405054210400094927e-01
5.134067320040542892e-01 7.455991154169514523e-01 5.340991969835959807e-01 7.300889269780304058e-01 5.332440727827499893e-01 7.307158801324513675e-01
5.096861670052048598e-01 7.503768645063804144e-01 5.222386940050933735e-01 7.387447033898305593e-01 5.189590192570978644e-01 7.419483418367347483e-01
4.998399365122300764e-01 7.535479808375783461e-01 5.268332549070907644e-01 7.383753344164056820e-01 5.222973933025282234e-01 7.348692602649027350e-01
4.932170360192765224e-01 7.591116906952684040e-01 5.206026439949617002e-01 7.406403321330830014e-01 5.205945035024565071e-01 7.401705995506170366e-01
4.944571119590397412e-01 7.585191208950794461e-01 5.165145811388047736e-01 7.457139269780304058e-01 5.168856285056289135e-01 7.459661991012339621e-01
4.894807651965287221e-01 7.586133371304421003e-01 5.141465497218956626e-01 7.449612516467853940e-01 5.109613946810060980e-01 7.441485971212387085e-01
4.741684124417548385e-01 7.723317002728037339e-01 5.074416888972460571e-01 7.504390609466423667e-01 5.076344893599042951e-01 7.506218111636687729e-01
4.700541861735991200e-01 7.723862463540404066e-01 5.303277984514074284e-01 7.310018953630479377e-01 5.286446736783397826e-01 7.288105867955149142e-01
4.684973778950907164e-01 7.751135552016488184e-01 5.054379130824137034e-01 7.569761932906458046e-01 5.062274396115419295e-01 7.547114159987897697e-01
4.575887946751865942e-01 7.810417331048171707e-01 4.964174421156867245e-01 7.583909459033254530e-01 4.963524803823354259e-01 7.545918369171570328e-01
4.616990041558760027e-01 7.813392573029455113e-01 4.934454171334282657e-01 7.625864188549882350e-01 4.919430484272995785e-01 7.616868624273611665e-01
4.482248999776631271e-01 7.908154160436922098e-01 4.893259047451665733e-01 7.648792933609526168e-01 4.877598227895035832e-01 7.619021045310157003e-01
4.408251471328039073e-01 7.945146382290081410e-01 5.464148981086278667e-01 7.171610169491525744e-01 5.515648033089783908e-01 7.170758928571429047e-01
4.448096219205508461e-01 7.900864803878060449e-01 5.306177831302254511e-01 7.203877679372238108e-01 5.385154622549913617e-01 7.169882015002017051e-01
4.298406097575696028e-01 8.015610123202748794e-01 5.319898209329378957e-01 7.300471117940999788e-01 5.282055626110154778e-01 7.295758927963218454e-01
4.313890962270054419e-01 7.992899082872989558e-01 4.974190658431942302e-01 7.574570694212185984e-01 4.953670611186903328e-01 7.573182397350972650e-01
4.153340391434022227e-01 8.098297166998369434e-01 4.884536402710413783e-01 7.614225583561395894e-01 4.863283155219895737e-01 7.631776147350972650e-01
4.144799335159524700e-01 8.098644279215457820e-01 5.438282030113672505e-01 7.143663582155259650e-01 5.351220761634865042e-01 7.236686862853108915e-01
4.000980812702735756e-01 8.153487979060541901e-01 5.722726659249450787e-01 6.970687447968175743e-01 5.637252685062739133e-01 7.040178572036781546e-01
3.977157912985251897e-01 8.197943115756459731e-01 5.386302137778977706e-01 7.238514716342344668e-01 5.334351394249468026e-01 7.279496174685808896e-01
3.924129996856633995e-01 8.233571683403348995e-01 4.835199567220978545e-01 7.703431642661660028e-01 4.809369539119759396e-01 7.670998086734693855e-01
3.905276556084625872e-01 8.227621190739373702e-01 5.225750864562341835e-01 7.391907340389186620e-01 5.118770464038362444e-01 7.418686224489795533e-01
3.875192978086262618e-01 8.257249685099524728e-01 5.049321762586044260e-01 7.505714762008796059e-01 4.997519219712335259e-01 7.498086736518509987e-01
3.892012952017958050e-01 8.247728895967023632e-01 4.928546153892904846e-01 7.597150984456984002e-01 4.886671611849142671e-01 7.595184950196013363e-01
3.796623275227790084e-01 8.311647098429881808e-01 5.650440424175585674e-01 7.139621427503682893e-01 5.534295704291791740e-01 7.180803573253203842e-01
3.739388101074817561e-01 8.355011309150361942e-01 5.685490016209877595e-01 7.220185661720017745e-01 5.574425498441774041e-01 7.238919005102041337e-01
3.628590961877447008e-01 8.397433357517214425e-01 4.850017155631113908e-01 7.669561222448186832e-01 4.870814170156206324e-01 7.631935586734693855e-01
3.603405048594857663e-01 8.400929269999483084e-01 5.127932060573060502e-01 7.514426294019667107e-01 5.073971144702970060e-01 7.534996812440910574e-01
3.570654148603008005e-01 8.435144598466636223e-01 4.786979697518429777e-01 7.754237288135593653e-01 4.815560887966837122e-01 7.695392221212387085e-01
3.515117109692009745e-01 8.450665465236579799e-01 4.868796432422379250e-01 7.692908119347136031e-01 4.876747436973513650e-01 7.657525512028713344e-01
3.404195414189874480e-01 8.511137340190636502e-01 6.369009558427132234e-01 6.949988846051491365e-01 6.080129880990300384e-01 7.072863521016373722e-01
3.318283061911589948e-01 8.577609292782135686e-01 5.149074131149357081e-01 7.628512493634628244e-01 5.051794257395121335e-01 7.612563776118415060e-01
