7.236300750370443513e-01 5.063372741650490338e-01 7.042648216425362317e-01 4.974562333802045599e-01 7.047108010369904640e-01 4.982461734693877653e-01
6.993628522775469092e-01 5.103538558430915639e-01 6.956532122725147538e-01 4.997072927022384592e-01 6.940617828953022928e-01 4.987244897959183798e-01
6.939484516199487807e-01 5.206209338494460770e-01 6.831052697311013056e-01 5.642423064021740986e-01 6.819997375108757254e-01 5.743622449891907511e-01
6.903232231627415283e-01 5.360723777409017732e-01 6.906845155408827264e-01 5.219530554141028622e-01 6.923630660285755578e-01 5.188137755102041337e-01
6.835725455388536043e-01 5.565098380520395738e-01 6.721779976860952077e-01 5.826968106172852879e-01 6.734332043905647547e-01 5.794483418671452224e-01
6.757356424401276263e-01 5.775150748064917794e-01 6.637222382981898816e-01 5.938196919732174894e-01 6.652760542168909552e-01 5.924824617651044401e-01
6.650673529527483252e-01 5.965169790017343932e-01 6.517876012850616352e-01 6.192922056731531288e-01 6.525372294138889195e-01 6.167171556426553902e-01
6.418337647932289558e-01 6.316769479835120382e-01 6.233748743089578825e-01 6.417191685256311562e-01 6.247326683024970739e-01 6.469068878463336558e-01
6.098117932786036866e-01 6.649773882253326995e-01 6.022789902606252577e-01 6.608287803197311350e-01 6.022549679084699958e-01 6.695631377551020114e-01
5.838694729074074274e-01 6.874330570227908943e-01 5.789968229956545809e-01 6.856810329324107833e-01 5.730528893823526593e-01 6.953284439383721205e-01
5.713804997231838323e-01 6.975563316449632234e-01 6.299207230745735853e-01 6.380882020724021331e-01 6.150210045126019986e-01 6.462771047134788782e-01
5.640102774992475920e-01 7.072110045565306313e-01 5.835748587624501882e-01 6.794993311671887470e-01 5.814705316205414087e-01 6.835379465198030413e-01
5.501546187557443401e-01 7.139970447025160150e-01 5.597449020814087017e-01 7.055851362519345304e-01 5.474175990236048728e-01 7.167729592444945785e-01
5.417646574277947824e-01 7.229748494433660966e-01 5.692819164971173462e-01 7.007833406076593441e-01 5.547470278581794201e-01 7.164540816934741319e-01
5.337458572683543290e-01 7.282385552016488184e-01 5.532707753828016717e-01 7.133627897602016210e-01 5.411216797573226156e-01 7.244100765306122902e-01
5.229637222568483956e-01 7.346973184251437416e-01 5.603472635907641441e-01 7.099199931500321803e-01 5.421529885153381079e-01 7.175860970604176492e-01
5.064450669897734292e-01 7.468164867728296352e-01 5.930816157389495746e-01 6.882875228332261397e-01 5.658958549706303298e-01 7.000876914481727331e-01
5.004876036278522733e-01 7.512124128585314642e-01 5.365178615359936787e-01 7.240953950558678409e-01 5.290803171846331088e-01 7.303013392553037164e-01
4.899186272255695584e-01 7.594786377718848458e-01 5.285130178524275468e-01 7.305349576271186196e-01 5.199049633680558058e-01 7.357461735302087691e-01
4.809909863193539969e-01 7.652828467153284242e-01 5.622982650490130352e-01 7.002536795907101652e-01 5.510471999949339006e-01 7.076052296526578189e-01
4.696331385278353920e-01 7.753441368576383663e-01 5.335130317736480610e-01 7.250641170194593865e-01 5.209634150473438918e-01 7.341278700196013363e-01
4.562552897599491675e-01 7.845996313721593785e-01 5.182519605604268831e-01 7.448915586633196861e-01 5.160928713727970241e-01 7.420440051628618416e-01
4.503271764647351350e-01 7.867145351249805740e-01 5.211184822906882452e-01 7.355249221042051699e-01 5.173787477673316149e-01 7.368064413265306145e-01
4.434012916401354754e-01 7.896674666961613909e-01 5.221290694454968628e-01 7.419714543779017957e-01 5.239738606068552462e-01 7.411272322036781546e-01
4.301280816541100949e-01 7.994758608567453795e-01 5.477570886329069522e-01 7.267297617459701486e-01 5.437847947587772790e-01 7.242028062440910574e-01
4.206930198808656041e-01 8.052676729042164139e-01 5.289426617703195665e-01 7.327442017652220363e-01 5.291416240589958964e-01 7.319515307947080940e-01
4.137970304837191859e-01 8.080148170464229729e-01 5.302373357748580984e-01 7.421944697024458470e-01 5.344374581259123680e-01 7.374202806730659754e-01
4.074180284990881473e-01 8.116024676030569873e-01 5.285944317357015310e-01 7.466547721523350001e-01 5.302276770983423981e-01 7.435108420191979262e-01
4.029511219828668112e-01 8.142206838531215185e-01 5.247021923630924567e-01 7.400758256346492425e-01 5.235468191759926615e-01 7.399792728983626278e-01
3.851143400164416253e-01 8.232604730738340981e-01 5.491393349938473722e-01 7.300122663126153988e-01 5.420228341708377418e-01 7.335299746114380959e-01
3.774128710701517564e-01 8.281671496203345528e-01 5.478218874688876028e-01 7.417554077455552619e-01 5.583998288731185644e-01 7.380899236518509987e-01
3.679306269997227874e-01 8.320101756249030922e-01 5.529995353545172909e-01 7.374693357338339972e-01 5.510665325790035096e-01 7.420360333457285407e-01
3.636066405660044465e-01 8.363317203347699902e-01 5.329719988976494571e-01 7.418808543075949835e-01 5.359536596402829645e-01 7.442920919583768669e-01
3.524504057029738124e-01 8.437450415026532813e-01 6.063016673265877454e-01 7.189660456220982043e-01 5.903162106263394326e-01 7.238839286930707217e-01
3.408078996151903128e-01 8.480889005382565848e-01 6.388402530702493864e-01 7.029228927725452714e-01 6.505444249024197045e-01 6.993781887755101678e-01
3.351550638458154485e-01 8.471690533805067425e-01 5.706867717080197355e-01 7.365912128303010453e-01 5.762586338179451761e-01 7.395647323253203842e-01
3.225116549182112102e-01 8.580832477033573102e-01 6.162026822566986084e-01 7.311134035304441836e-01 6.013588814102873714e-01 7.342315051628618416e-01
3.241751557284027752e-01 8.592237586522624149e-01 5.753989108538223318e-01 7.431283451743044832e-01 5.741900680016498448e-01 7.474808674685808896e-01
3.090651791243657631e-01 8.648221797316614223e-01 5.876411467285479473e-01 7.371696587336264983e-01 5.799497606194748967e-01 7.411272322036781546e-01
3.028997887660117017e-01 8.704305182408241803e-01 6.317318425340167076e-01 7.364239520945791151e-01 6.383449245168237862e-01 7.328683036018390773e-01
2.929440197283333935e-01 8.747446249871357882e-01 5.988961261207774722e-01 7.390095338983050377e-01 5.983240650016434792e-01 7.393654338559325634e-01
2.860198182998782701e-01 8.730784872152509424e-01 8.173486039800158531e-01 7.125334527532932727e-01 8.326113531936187862e-01 7.054607781524561139e-01
2.828945261936118283e-01 8.795670027280375614e-01 6.043686967785075748e-01 7.508502451039976711e-01 6.097644190399014175e-01 7.479910713677503376e-01
2.726515577222308750e-01 8.830257262626703962e-01 7.197825191384654708e-01 7.115856378765429424e-01 7.146536435703841894e-01 7.084582271624584315e-01
2.639122627077311600e-01 8.858621272727520424e-01 8.048714828693260825e-01 6.953961303678609651e-01 7.932960588713081629e-01 6.928172832240864221e-01
2.524686196859735610e-01 8.961837513603433392e-01 6.304513387760873888e-01 7.425498992709790302e-01 6.321803212774043113e-01 7.421476403061224580e-01
2.575910334495732368e-01 8.874588426012192111e-01 6.981386163477170115e-01 7.292247434793892591e-01 7.098170962108640847e-01 7.286112883261272044e-01
2.474798922338624918e-01 8.944258768193042997e-01 6.407943100242291523e-01 7.492542933609526168e-01 6.299496017852608265e-01 7.488201531220455287e-01
2.394020595472224344e-01 8.964589616678056982e-01 7.558248068316507640e-01 7.272733611575628032e-01 7.486010812679115833e-01 7.270567602649027350e-01
2.334006693023834844e-01 9.016582039150878858e-01 6.653933530136689756e-01 7.457696815668526380e-01 6.682192817026254561e-01 7.410156249391789407e-01
