7.006607403720381821e-01 5.085959813020525244e-01 6.898282382447841199e-01 5.077428080267825106e-01 6.900466720060426384e-01 5.077327806122449161e-01
6.942337238005478195e-01 5.219895469881322692e-01 6.852415163638228002e-01 5.536003011768146909e-01 6.801298656025711598e-01 5.879942601432606164e-01
6.858580199471355776e-01 5.501428120327691573e-01 6.752851514493004581e-01 5.785779993412858424e-01 6.720523244264174911e-01 5.894292091228523489e-01
6.778292829972983879e-01 5.708579616825075753e-01 6.871426610623375675e-01 5.296819250462418971e-01 6.903051808476448059e-01 5.299186862396950692e-01
6.687780301066210686e-01 5.853052604807554848e-01 6.553004959882315905e-01 6.157657786951227230e-01 6.532422964062009063e-01 6.189174107751067577e-01
6.403701679549947956e-01 6.353736911376897112e-01 6.080191367763584376e-01 6.668362516467853940e-01 6.094931389908401220e-01 6.671954720300070640e-01
5.918664353607344664e-01 6.791767495392012632e-01 6.005992333767777858e-01 6.615814566612243652e-01 5.931361743382045359e-01 6.706792091836735192e-01
5.650634489355296219e-01 7.048927919708029011e-01 5.555003871351985589e-01 7.113695922544447381e-01 5.531465056903508426e-01 7.162228954993948848e-01
5.416681483714249623e-01 7.214425976258994622e-01 5.403592455185065591e-01 7.222346117940999788e-01 5.355823783546077577e-01 7.318080356534646391e-01
5.297595112428178377e-01 7.329394438841047021e-01 5.441876700368978304e-01 7.245693024942430061e-01 5.378057187309071008e-01 7.317442602040816757e-01
5.131620582002792696e-01 7.430056929588317871e-01 5.668873761670064626e-01 6.944552851935564819e-01 5.549912571298832864e-01 7.046715562440910574e-01
4.983171903303940109e-01 7.550901500848088421e-01 5.272570444365679565e-01 7.339777542372881713e-01 5.227122800994892238e-01 7.375797194485761432e-01
4.871435942005937214e-01 7.633886067536626019e-01 5.266961025989661538e-01 7.368421049441321591e-01 5.213674997188606497e-01 7.418606506318462523e-01
4.725477373512991797e-01 7.710895351249805740e-01 5.349847669318571475e-01 7.271757913848101440e-01 5.389906615018844604e-01 7.197544643161247757e-01
4.528772830963134766e-01 7.843145036349331578e-01 5.074102040064536467e-01 7.511917372881355970e-01 5.063698948646078168e-01 7.511240435498101053e-01
4.417386224670131756e-01 7.918096437071361349e-01 5.088878400244954969e-01 7.451494204795966469e-01 5.037793955024407744e-01 7.448501276726625653e-01
4.312657459373891999e-01 7.967559904077626820e-01 6.557044578810869995e-01 6.435172274961309391e-01 6.338679748682343185e-01 6.545519771016373722e-01
4.185771968242895658e-01 8.045585729779988204e-01 5.620854825286542011e-01 7.190148305084745894e-01 5.482385067307219417e-01 7.201211735302087691e-01
3.985110355989776587e-01 8.173446920666381788e-01 5.395829298738705759e-01 7.233845338983050377e-01 5.248700451790070387e-01 7.290656888971522864e-01
3.903932849856188714e-01 8.249836363931641880e-01 5.205550456451157881e-01 7.420132695618322227e-01 5.267417176189471695e-01 7.401705995506170366e-01
3.759466261759291661e-01 8.320126546560412395e-01 4.857307222940154268e-01 7.640011704574196649e-01 4.833556567223704636e-01 7.648357782436876473e-01
3.694707261819908939e-01 8.348961642188746923e-01 5.223897836976132414e-01 7.458602806269112317e-01 5.275072881913914769e-01 7.400510204689842997e-01
3.632313824483077713e-01 8.394929192362040604e-01 5.123944065328371877e-01 7.443131137702424516e-01 5.128945080297333536e-01 7.451291453777527662e-01
3.604006451846909487e-01 8.395077951633147517e-01 4.990768402309740948e-01 7.613040814965458258e-01 4.937345327771439640e-01 7.612723215502135155e-01
3.363995889242548110e-01 8.570914986359812193e-01 9.618007136603533569e-01 5.980151649248801604e-01 9.164316927139856128e-01 6.048150509595870972e-01
3.275277083807617839e-01 8.574113375949163895e-01 6.538099575850923051e-01 7.036616307193950259e-01 6.496325202134191068e-01 6.984614158163264808e-01
3.240065500684027877e-01 8.596452518101156404e-01 7.062653884039087337e-01 6.922739188549882350e-01 7.633553936469311685e-01 6.720424107446962836e-01
3.149648358787063285e-01 8.637139005382565848e-01 5.513899063659926103e-01 7.342913696321390349e-01 5.323772734525252792e-01 7.416055485302087691e-01
3.034674449123605511e-01 8.702966322864058579e-01 7.218091513140726390e-01 6.937304866515984214e-01 6.950650890262759507e-01 6.965162629375651893e-01
2.888218764841121722e-01 8.761107586596134089e-01 5.575642414012197401e-01 7.476304638183722817e-01 5.743452131139988870e-01 7.441964286322496624e-01
2.860496565155739579e-01 8.755975287326061007e-01 5.524237529706146343e-01 7.537145968210898772e-01 5.367611426175856737e-01 7.558514031828665880e-01
2.798198784572364373e-01 8.789620360318761705e-01 5.918800275204545436e-01 7.269109608763355546e-01 6.022572131181249677e-01 7.230389030004034101e-01
2.641038459582920606e-01 8.891472946988404624e-01 6.485689100572618049e-01 7.361939670675892167e-01 6.302477522772185203e-01 7.374202806730659754e-01
2.663977954291949501e-01 8.851431094817001632e-01 6.805410950870837139e-01 7.219767509880712364e-01 6.280056695852961335e-01 7.332669006926673116e-01
2.457701707408375957e-01 8.974829420556117432e-01 6.306233673782671856e-01 7.357897526126796484e-01 6.177855068627668977e-01 7.372209822036781546e-01
2.433343259957584936e-01 8.987300661358520459e-01 8.989886065660896985e-01 6.591910123825073242e-01 8.374014487680123686e-01 6.702327807338870347e-01
2.344773899573479314e-01 9.026970606650749351e-01 7.091910950208114572e-01 7.254265162904384168e-01 6.964215278929594133e-01 7.243702168367347483e-01
2.255157422627845909e-01 9.053995757207383699e-01 5.924497337664588192e-01 7.544672721523350001e-01 5.908414113278291913e-01 7.500000000000000000e-01
2.217735850462948244e-01 9.099045939689135443e-01 1.167109750084957875e+00 6.534623109688193487e-01 1.155151809280624109e+00 6.480389030612244694e-01
2.271540776221421531e-01 9.050822162280117711e-01 6.878138204752388685e-01 7.415323934312594290e-01 6.874850246371054796e-01 7.370296555514238568e-01
2.025132957492431496e-01 9.191427326550448695e-01 6.564622385016942729e-01 7.563629019058356606e-01 6.514703239105186228e-01 7.554288904885856359e-01
2.016734070803997414e-01 9.167501391285527435e-01 6.429275233866804662e-01 7.518189670675892167e-01 6.455767604769492296e-01 7.525988522232794908e-01
2.005283675924705022e-01 9.182080095701844469e-01 1.085684448985730244e+00 6.608357490119287636e-01 1.029194959344304383e+00 6.687978317542951912e-01
1.904648769184620616e-01 9.237270907764016936e-01 8.870828555802167115e-01 7.101011932906458046e-01 8.752612749836883310e-01 7.088887116738727956e-01
1.922076017099575429e-01 9.207270510875396052e-01 8.758197244951280158e-01 7.055990746465780061e-01 8.207010759078726680e-01 7.134008292032747445e-01
1.749215336502903673e-01 9.288246788247658259e-01 8.638253974712500893e-01 7.191890609466423667e-01 8.223447965420022099e-01 7.231265945093972025e-01
1.695049796661321218e-01 9.336817677873764376e-01 1.051009199376833569e+00 6.813252679372238108e-01 1.020388026930847847e+00 6.850605868563359735e-01
1.820596541366437948e-01 9.274337513603433392e-01 7.966194779185925556e-01 7.405218552734892379e-01 7.578897734685819954e-01 7.426339287538917810e-01
1.648589585275545555e-01 9.343809507189005936e-01 8.354178626658552709e-01 7.402082408888864817e-01 7.980385789153526810e-01 7.419164542640958038e-01
1.603385209493393415e-01 9.346288877682094043e-01 7.231251794402882016e-01 7.622379569684044620e-01 7.193735316395759583e-01 7.628029338559325634e-01
