6.972406998167942627e-01 5.019264717171662005e-01 6.959694320872679141e-01 4.926335306490882138e-01 6.963231487541782228e-01 4.963807397978190483e-01
6.957314614831966448e-01 5.000396699365907693e-01 6.939488265473964246e-01 4.949054970579632173e-01 6.941412343662611839e-01 5.025988520712268981e-01
6.959771326858631424e-01 5.018967194278745048e-01 6.940330024492942229e-01 4.914975469395265750e-01 6.941323970653572317e-01 5.023038903137251321e-01
6.958872758559067062e-01 4.981751824817517993e-01 6.945026910911171747e-01 4.934768060506400378e-01 6.945951359004390868e-01 4.996173469425768121e-01
6.945947243349395173e-01 5.070686884170031439e-01 6.935067580918133912e-01 4.988709859928842083e-01 6.933733915187874075e-01 5.074537627551020114e-01
6.948912004484747440e-01 4.988619685173034668e-01 6.931259611905631335e-01 5.052757020724021331e-01 6.928102620402161183e-01 5.107780612092844841e-01
6.946449814921747956e-01 5.040240200766681333e-01 6.940799153457253290e-01 4.944455290244797463e-01 6.938167022807257833e-01 5.013233418386353613e-01
6.945686805857359536e-01 5.057248690702619287e-01 6.932021935107344213e-01 5.023974129709146696e-01 6.926457203772603544e-01 5.090720663417358516e-01
6.946692070821776088e-01 5.054868494507169796e-01 6.933985807127871492e-01 4.978465094404705416e-01 6.928514625344958100e-01 5.065848214304721209e-01
6.949993015205773172e-01 5.020405228120566887e-01 6.937510542950388048e-01 4.950239739175570364e-01 6.931298137927541791e-01 5.024792729610843001e-01
6.945839515567695521e-01 5.062504958932416699e-01 6.930266527806298038e-01 5.037145968210898772e-01 6.920907704197630794e-01 5.091358418386353613e-01
6.938941317753200000e-01 5.085910228047058057e-01 6.932114100052138017e-01 5.000557535785740138e-01 6.922162959770280510e-01 5.068239795937373726e-01
6.938389248221460415e-01 5.033273166113526598e-01 6.925682910418106131e-01 5.132066789319960076e-01 6.912828577416283427e-01 5.147161989814924565e-01
6.933764867538952936e-01 5.135943946177071728e-01 6.929637476549310726e-01 5.031013044260316258e-01 6.917673023987789271e-01 5.082589285733292161e-01
6.933336949696505824e-01 5.129249644105451367e-01 6.924755249993276296e-01 5.125864188549882350e-01 6.910101719656769337e-01 5.147560586753699985e-01
6.941798081363204087e-01 5.051769279215457820e-01 6.928364078877335963e-01 5.053523637480654696e-01 6.914509136457832605e-01 5.081792091855741322e-01
6.940678945423042201e-01 5.058513170611249610e-01 6.921586596359641241e-01 5.194720120753272274e-01 6.903898855861352324e-01 5.189811862263904452e-01
6.938825254022640276e-01 5.056083385091628690e-01 6.919050459134377107e-01 5.202246874065722393e-01 6.899104477191457807e-01 5.255580357161864224e-01
6.936065615528691497e-01 5.124662805647746122e-01 6.924759563753160041e-01 5.102586978572910548e-01 6.907884168381593915e-01 5.100526147978190483e-01
6.934607899101981054e-01 5.105472468111637019e-01 6.915682827012014089e-01 5.242947148064435181e-01 6.891148388385772705e-01 5.386957908239291548e-01
6.933484525576124602e-01 5.107356792818891211e-01 6.917998538178912193e-01 5.219042705277264771e-01 6.895988787315330271e-01 5.210538903080230710e-01
6.928690641465848898e-01 5.130266186094631919e-01 6.913174158435756445e-01 5.234584080970893227e-01 6.885362158016282708e-01 5.478714923469387710e-01
6.944527378047469224e-01 5.055537924279261963e-01 6.914409116163091618e-01 5.281277874768790515e-01 6.887505975913028600e-01 5.346859056141455291e-01
6.931652465876001479e-01 5.141869644178961307e-01 6.920531836606688136e-01 5.137433096513910336e-01 6.898592324281225263e-01 5.138791454100639644e-01
6.924389822639688274e-01 5.208341596770460491e-01 6.917454832691257716e-01 5.205870876877994879e-01 6.893912705839896349e-01 5.177056760223087695e-01
6.929480120213362682e-01 5.140382021012968039e-01 6.921210713305715467e-01 5.147120316149824681e-01 6.899552226674799948e-01 5.102439413265306145e-01
6.929502173931929576e-01 5.141150629433401953e-01 6.914302949178017244e-01 5.236326385352571000e-01 6.888077228653187722e-01 5.245615433692476515e-01
6.933143291160137611e-01 5.116604847194504702e-01 6.913684818704249890e-01 5.231029775183079211e-01 6.887548097542354197e-01 5.238042091855741322e-01
6.928716697832093541e-01 5.138324142372521219e-01 6.913354588767229858e-01 5.242947148064435181e-01 6.886438891595724199e-01 5.242825255121047467e-01
6.927024891776759619e-01 5.171398959890769476e-01 6.908254815360247436e-01 5.314869537191876381e-01 6.876475759306732716e-01 5.437818877589033484e-01
6.924729943275451660e-01 5.181440415173551584e-01 6.911078418715524974e-01 5.270754351454266518e-01 6.883201234194696871e-01 5.271125637774108919e-01
6.932763901070086998e-01 5.126968622207641602e-01 6.911784764063559905e-01 5.253540368403418759e-01 6.884671367552815946e-01 5.226084183692476515e-01
6.923809116774232164e-01 5.177126309297380713e-01 6.908147941201420172e-01 5.317099690437316895e-01 6.878134212931807934e-01 5.337292729610843001e-01
6.919367217669522008e-01 5.230606354936195856e-01 6.907745165339971294e-01 5.321072148064435181e-01 6.877357302879800738e-01 5.333306760223087695e-01
6.927176318029417690e-01 5.171721281796476388e-01 6.907189033799252531e-01 5.331665368403418759e-01 6.875597332813301321e-01 5.341278698998598307e-01
6.919012313341572629e-01 5.220713663275224903e-01 6.906559679467799695e-01 5.329017063318672864e-01 6.875247696832734734e-01 5.348453443896558079e-01
6.909734271738651179e-01 5.269358932536883922e-01 6.905541601827589471e-01 5.336961978572910548e-01 6.873492014651395587e-01 5.365194515325129032e-01
6.928348415089349288e-01 5.164580688859424784e-01 6.905597650398642706e-01 5.336961978572910548e-01 6.873844095638820262e-01 5.340481505121047467e-01
6.926456520157139307e-01 5.127414908722369713e-01 6.904983813479795840e-01 5.348879351454266518e-01 6.873210632071202753e-01 5.346460459202679871e-01
6.923049314178689739e-01 5.136439822015971268e-01 6.908632375426211336e-01 5.249986062615604743e-01 6.881168375209886223e-01 5.196906887755101678e-01
6.927051004702157178e-01 5.177101514635294999e-01 6.902724615598129221e-01 5.351527656539011302e-01 6.869343285049710479e-01 5.389907525529210597e-01
6.916433759849437424e-01 5.220788042910777804e-01 6.899955909130937037e-01 5.383377004477937211e-01 6.862665670258658590e-01 5.527901785752299402e-01
6.920888136773213350e-01 5.129175264469898465e-01 6.900478227663848774e-01 5.380659012471215030e-01 6.865359112924459550e-01 5.418606505121047467e-01
6.927535568710661007e-01 5.148514361277113371e-01 6.899265919701528249e-01 5.372714097216978457e-01 6.863181524130762545e-01 5.462452168386353613e-01
6.921239795475980783e-01 5.164109607682610958e-01 6.898911160937810649e-01 5.395224690437316895e-01 6.863785459070789186e-01 5.431760204100639644e-01
6.921449055636885728e-01 5.182357782865092410e-01 6.897219146712351145e-01 5.340585971282700850e-01 6.852792644379089859e-01 5.761080994745906292e-01
6.917894952488641280e-01 5.208366391432546205e-01 6.897088774180007986e-01 5.400521300606808683e-01 6.860607476258764326e-01 5.479591836753699985e-01
6.919355414209574784e-01 5.192622381405238574e-01 6.895806961140390490e-01 5.389509928428520835e-01 6.859066294772284689e-01 5.506377551058421194e-01
6.910079021523468645e-01 5.239953585784801193e-01 6.894650701749123201e-01 5.409441903486089664e-01 6.856052419360803007e-01 5.580117984731890468e-01
6.908706926951443394e-01 5.269929188011336363e-01 6.894278627330974185e-01 5.412508360410140940e-01 6.857195669899180945e-01 5.521524234731890468e-01
