6.981619509467242857e-01 5.070711678832117153e-01 6.890151035987724937e-01 5.309224462105055498e-01 6.886533751171461937e-01 5.249681122486993257e-01
6.940865634131605511e-01 5.250342153284671687e-01 6.862795140783665149e-01 5.470283233513266730e-01 6.837716272899082570e-01 5.438855229591836871e-01
6.871987093974204486e-01 5.425237030008412953e-01 6.780974571987733457e-01 5.695807317555960925e-01 6.775039911878352195e-01 5.727120536018390773e-01
6.851157489484244190e-01 5.497907413183337200e-01 6.807760384123203723e-01 5.477809986825716848e-01 6.829163961264551608e-01 5.449537627627046854e-01
6.748203678722799470e-01 5.762853061195707394e-01 6.580722897739733623e-01 6.125459974094972226e-01 6.600090280479314897e-01 6.058274872448979886e-01
6.630945527640572656e-01 5.985153521934565291e-01 6.501977090108193025e-01 6.135983497409497334e-01 6.553651010807679533e-01 6.066007653669435173e-01
6.472785803523376513e-01 6.231826208803775691e-01 6.943027821637816066e-01 5.802366748704748112e-01 6.981641321766133279e-01 5.803013392248932423e-01
6.340265896198523654e-01 6.386786934233059654e-01 6.037223864409883012e-01 6.716937998593863757e-01 6.077772795545811624e-01 6.682158802845039602e-01
6.179349613885809500e-01 6.566615757280892529e-01 5.903781106916524690e-01 6.844962643364728150e-01 5.942994065734804598e-01 6.787468112853108915e-01
5.946159084347912849e-01 6.792883211678831801e-01 6.332666096040757697e-01 6.441444582858327772e-01 6.344819851219654083e-01 6.433832908467370659e-01
5.652246009694398277e-01 7.063754562043795815e-01 5.569422532946376458e-01 7.179067235881999576e-01 5.539688875480573982e-01 7.130102040816326259e-01
5.438086075069260561e-01 7.227219534616400320e-01 5.451884340431730758e-01 7.250571473170135395e-01 5.442293976642647024e-01 7.249601404277645766e-01
5.270397312884783636e-01 7.383221596696950551e-01 5.394253740876407965e-01 7.244856711161338225e-01 5.321963399040455789e-01 7.292968749391789407e-01
5.276044187319539613e-01 7.374568590282524205e-01 5.523262488639960610e-01 7.153420498815633577e-01 5.399179714066641989e-01 7.235809950804223956e-01
5.095896022598238595e-01 7.477288955319536523e-01 5.366937038251908820e-01 7.253637940196667744e-01 5.361027632440839019e-01 7.237165179483744382e-01
5.049408010757752141e-01 7.473793042837267864e-01 5.385765094878309789e-01 7.240814566612243652e-01 5.280354550602485153e-01 7.333067603865448536e-01
4.964148088963362682e-01 7.541950967190039767e-01 5.238731846971026451e-01 7.387377346976328196e-01 5.153424561936028603e-01 7.418287627551020114e-01
4.851402509821592379e-01 7.665374087591241281e-01 5.255333331681913966e-01 7.304861727407423455e-01 5.255703247931539090e-01 7.316326532436876473e-01
4.794210563175869688e-01 7.681713147755087068e-01 5.623067445674184706e-01 7.031598464917327984e-01 5.671037723671417119e-01 6.980389031220455287e-01
4.709542613394939181e-01 7.747242937992958600e-01 5.265159394781467883e-01 7.347722457627118287e-01 5.183842455854221765e-01 7.418765945702182618e-01
4.687521081336223361e-01 7.740746984516617690e-01 5.155792994014287700e-01 7.429819915254237683e-01 5.128167606129938605e-01 7.437260841228523489e-01
4.594224273723407359e-01 7.798243613138685637e-01 5.199497978566056666e-01 7.391907340389186620e-01 5.196999284077663539e-01 7.366310587647010300e-01
4.552996848186437462e-01 7.835310218978102093e-01 5.169042065992193180e-01 7.395810100991847547e-01 5.187396349347367375e-01 7.383051657555054215e-01
4.544462113484848964e-01 7.827698549214940904e-01 5.186561522847514816e-01 7.373717659610813380e-01 5.126960992204899759e-01 7.445870537538917810e-01
4.458634825083461206e-01 7.891071286514728111e-01 6.101123124866162373e-01 6.755268735400701274e-01 6.044364664323476077e-01 6.759566327138822883e-01
4.330572716511079112e-01 7.991882536533104764e-01 6.863098235453589657e-01 6.386178630893513120e-01 6.776983352492049750e-01 6.381855868563359735e-01
4.298336893102548406e-01 7.959278800191670333e-01 5.420054763050402569e-01 7.205968448671243864e-01 5.505377685233038276e-01 7.136399872144874035e-01
4.196768964294099735e-01 8.081610998968138393e-01 5.538636632895065359e-01 7.114183761305727938e-01 5.483524195697843107e-01 7.146364797134788782e-01
4.164662809267531407e-01 8.054040383248433077e-01 5.344875247801764706e-01 7.256774084042694195e-01 5.231954698659935232e-01 7.336415815718320133e-01
4.097038463954507659e-01 8.086966441495575530e-01 5.107380293183407804e-01 7.471704947746405923e-01 5.094069729045945794e-01 7.459980866738727956e-01
4.080841906749418935e-01 8.127033083978361105e-01 5.214294791221618652e-01 7.472610948449474044e-01 5.260150221993729058e-01 7.397401148871499688e-01
3.983294681040909779e-01 8.195215807343921854e-01 5.661069760888309821e-01 7.044003676559965621e-01 5.535600293351679024e-01 7.117107781220455287e-01
3.870562397650558761e-01 8.238332080144952219e-01 5.369382061190524080e-01 7.307510032492169350e-01 5.301028076483278451e-01 7.330596301020407823e-01
3.913501816509413755e-01 8.223158325592097029e-01 5.141258830741300967e-01 7.474353252831151817e-01 5.094336643815040588e-01 7.462133290816326259e-01
3.723466265810667086e-01 8.359102271769168757e-01 6.783675531209525378e-01 6.744954282954588320e-01 6.728598283869879904e-01 6.730867347546986013e-01
3.718949708625348127e-01 8.323176176878657184e-01 7.727521435689117535e-01 6.355235283657655332e-01 7.501051202416419983e-01 6.400191327747033476e-01
3.672669490758520006e-01 8.345217787436325363e-01 5.316694495031388801e-01 7.347722457627118287e-01 5.335248749779195609e-01 7.319276148871499688e-01
3.605429829254637730e-01 8.377003334734561824e-01 6.290066752393367322e-01 6.972081287432525532e-01 6.189847827261808488e-01 6.985491073253203842e-01
3.529777753092076531e-01 8.437698352945982583e-01 5.490249733803636012e-01 7.433374221042051699e-01 5.432774219281819583e-01 7.402264031828665880e-01
3.474562864233977644e-01 8.439855405884068018e-01 5.678965004823975926e-01 7.385704729516627820e-01 5.623014940291034547e-01 7.372927297742999375e-01
3.484270701008121418e-01 8.469384721595875076e-01 5.335139677686205895e-01 7.431980371475219727e-01 5.386438216177784621e-01 7.390704720604176492e-01
3.352382130866503052e-01 8.497823111332245549e-01 5.251885127213041793e-01 7.463760032492169350e-01 5.270177569924568983e-01 7.413743621840769293e-01
3.344249526297088937e-01 8.542278248028163379e-01 5.777175168869859156e-01 7.267367304381677773e-01 5.753021325383868012e-01 7.257971939991931798e-01
3.246064255707455382e-01 8.588146619553113092e-01 5.455465084415370702e-01 7.429401763414932303e-01 5.469621311949224296e-01 7.385682399783816132e-01
3.228754629618930116e-01 8.599874050947871051e-01 5.655472122006497404e-01 7.479789246947078363e-01 5.616834451045308318e-01 7.438058035106075438e-01
3.224772914265194301e-01 8.585047408612105357e-01 5.749106104091062930e-01 7.282002679372238108e-01 5.708926158900163861e-01 7.258131379375651893e-01
3.144404418277044200e-01 8.641825018137910819e-01 6.291388798568208207e-01 7.133140058840735653e-01 6.089247189918343128e-01 7.173549107142856984e-01
3.025114294821328320e-01 8.677527969771058336e-01 5.766578493481975265e-01 7.530943357338339972e-01 5.845563671722704413e-01 7.479830995506170366e-01
2.963623255491256714e-01 8.719478936961096993e-01 6.891302087549435740e-01 7.028671391939712576e-01 6.595150664144632247e-01 7.102758291424536852e-01
3.012917588879592268e-01 8.696346400427992229e-01 5.792380182419792911e-01 7.450170052253594077e-01 5.829644939120934843e-01 7.394531250608210593e-01
