7.006171941757202148e-01 5.143679584899958357e-01 6.888180031614788978e-01 5.125097571793248985e-01 6.899756661483219533e-01 5.113440688927562983e-01
6.876636038731483991e-01 5.474179826513694280e-01 6.538411388962955817e-01 6.162884700096259438e-01 6.512510508907084494e-01 6.225366709487778483e-01
6.141580695653483524e-01 6.600979849369856822e-01 5.795062335871034032e-01 6.916257809784452926e-01 5.743372452502347736e-01 6.984933036930707217e-01
5.529820929913624727e-01 7.153061528275482805e-01 5.669619087445534333e-01 7.037870762711864181e-01 5.674581958019003780e-01 7.063695791424536852e-01
5.238433016912780182e-01 7.369411496350365409e-01 5.271050889613264623e-01 7.325630016246084120e-01 5.304107305650808124e-01 7.349649235910299394e-01
4.892398410469946390e-01 7.635968740839157443e-01 4.853539466857910156e-01 7.663776763414932303e-01 4.905771345508341819e-01 7.633450256318462523e-01
4.529271913270880856e-01 7.886137340190636502e-01 4.658017547453864315e-01 7.823999221042051699e-01 4.678201277037056238e-01 7.845025509595870972e-01
4.227882373507005354e-01 8.005345524662602630e-01 4.501849276534581334e-01 7.881286245281413638e-01 4.522992734398160741e-01 7.891262754493829634e-01
4.007170650645764387e-01 8.196926573767279178e-01 4.827369744494809933e-01 7.657295384649502878e-01 4.835202017304848776e-01 7.634406889579734568e-01
3.814554666950754624e-01 8.299795702426102650e-01 4.438120692463244366e-01 7.918501900414288697e-01 4.465832501953961864e-01 7.912308674077598303e-01
3.609593721636890629e-01 8.389424986212793423e-01 4.770938511622154210e-01 7.690120430315955380e-01 4.824256204372766033e-01 7.658561863461319508e-01
3.510437551206045947e-01 8.462343302956463198e-01 4.157755834571385534e-01 8.069943129006078575e-01 4.225127274284557477e-01 8.063058035106075438e-01
3.359400891039493464e-01 8.548898170464229729e-01 4.037192696231906575e-01 8.154688891717942756e-01 4.106688888705506413e-01 8.128109057338870347e-01
3.157260794274128202e-01 8.631337276340400599e-01 4.033165190179469062e-01 8.170509035304441836e-01 4.075998265524299891e-01 8.117028061224489388e-01
3.066655681298596781e-01 8.704776263585055629e-01 4.246447333845041472e-01 8.008126111353858212e-01 4.254480071213780357e-01 8.009088012028713344e-01
2.999232673514498626e-01 8.698602627663716280e-01 4.042049828222242236e-01 8.196086085448830438e-01 4.155450113573853077e-01 8.122130103257237943e-01
2.902342124576986482e-01 8.769884561970285874e-01 5.407796502113342285e-01 7.603632363222413426e-01 5.422268638349309056e-01 7.533801021624584315e-01
2.802572874692234595e-01 8.821703430509915123e-01 4.257251711215003231e-01 8.146743976463706183e-01 4.342201216792573870e-01 8.107302295310157003e-01
2.682065863678925188e-01 8.884431532699695877e-01 4.269823315790143847e-01 8.035445475982407881e-01 4.309194703795471981e-01 8.003109057947080940e-01
2.626771026284155375e-01 8.885224931431512374e-01 4.242150268312228079e-01 8.105625560728170198e-01 4.168353685919119478e-01 8.094148596330564827e-01
2.491107324179071547e-01 8.955688672344179757e-01 4.175265582941345976e-01 8.119703389830508211e-01 4.184291859974666461e-01 8.136160714285713969e-01
2.436490422182709670e-01 8.980556769962728669e-01 4.306333595413272541e-01 8.126881688328112530e-01 4.356469173668598427e-01 8.127630739187707842e-01
2.345224378535347154e-01 9.013507618521251485e-01 4.367717676243539349e-01 8.018301179853536409e-01 4.354468955069172309e-01 8.052136481416468650e-01
2.348461252276914935e-01 9.041003850254699659e-01 4.539921273619441644e-01 8.119842773776942968e-01 4.618517180182495907e-01 8.081552933673469274e-01
2.260946831563963588e-01 9.050127937845939829e-01 4.674607803255824701e-01 8.031891170194593865e-01 4.605125150814348145e-01 8.022321429179639640e-01
2.099787724496674501e-01 9.134401779105193464e-01 4.391146403248027408e-01 8.139565677966101864e-01 4.538672829464990288e-01 8.078364158163264808e-01
2.093164213817484964e-01 9.138988617562899819e-01 4.320226902678861447e-01 8.143956287432525532e-01 4.292230847842839481e-01 8.165656887755101678e-01
2.066675289160143647e-01 9.158228540072476109e-01 4.494539438667943809e-01 8.136987069905814440e-01 4.551792794800534336e-01 8.107222577138822883e-01
2.018461973562727940e-01 9.181385871267666587e-01 4.867017799514835041e-01 7.948887711864406347e-01 4.859352948106064884e-01 7.919483418975558076e-01
2.003021075451461019e-01 9.167104689744267620e-01 4.559861962067878749e-01 8.084439120050204153e-01 4.574579170772007375e-01 8.050302933065258681e-01
1.878559847709036223e-01 9.236006427855387724e-01 4.507944821301153038e-01 8.128484608763355546e-01 4.616628698244386597e-01 8.082748724489795533e-01
1.862290518997359312e-01 9.244684228931900893e-01 4.592551498089806339e-01 8.170090883465136455e-01 4.616317507259699582e-01 8.134327168975558076e-01
1.805297276616966706e-01 9.264147294698840129e-01 4.739464996224742599e-01 8.215112069905814440e-01 4.880904149340123399e-01 8.134964923469387710e-01
1.760366840192871263e-01 9.279122700656416978e-01 5.487344360957711054e-01 7.990284905595294029e-01 5.397389985773027865e-01 7.952168367955149142e-01
1.679219313944778358e-01 9.322214178795361628e-01 5.080069000438108828e-01 7.983315677966101864e-01 5.032093131116458506e-01 7.957031249391789407e-01
1.631985998501742918e-01 9.360545264543408406e-01 4.966060994035106368e-01 8.016907340389186620e-01 4.926100795974536761e-01 8.026785713677503376e-01
1.665360456618079354e-01 9.355189822015971268e-01 5.397133008908416851e-01 7.922404661016949623e-01 5.274676969464944243e-01 7.946348853257237943e-01
1.601310720408919974e-01 9.368875953402832080e-01 4.762076386960886198e-01 8.140123213751840892e-01 4.850852056121339739e-01 8.089205996722591552e-01
1.515888302539386834e-01 9.405025191550707708e-01 4.787863614195484452e-01 8.113570475982407881e-01 4.902672050710843443e-01 8.095583547742999375e-01
1.566145381461964969e-01 9.371603261815369956e-01 4.971298999705557331e-01 8.101234951261746531e-01 4.967598047639642522e-01 8.121093751824631779e-01
1.456329508745757284e-01 9.410157490820780790e-01 5.129715997283741391e-01 8.142632134890152029e-01 5.200646155494816902e-01 8.145647322644993249e-01
1.427296500136382429e-01 9.440257062007041400e-01 5.015996361182908370e-01 8.113640162904384168e-01 5.181885455183836697e-01 8.091438138971522864e-01
1.412908212166197885e-01 9.423248572071103446e-01 5.218919960118956203e-01 8.103046942565400590e-01 5.400935467712733029e-01 8.027423471212387085e-01
1.407031999887341234e-01 9.436959498120049972e-01 4.912101868855751063e-01 8.192601476685476003e-01 5.015559405544582905e-01 8.152184313049122277e-01
1.419883806013712835e-01 9.435695018211420759e-01 5.633607218831272467e-01 8.073358050847457834e-01 5.727120374842565864e-01 8.019531250608210593e-01
1.322868401116698289e-01 9.475960013640187807e-01 4.910779731758570521e-01 8.141517063318672864e-01 5.022236166559920223e-01 8.102200256318462523e-01
1.350204851614297819e-01 9.478935259972175453e-01 5.694667797977641666e-01 7.917526202686762105e-01 5.944660547740605594e-01 7.832748725706216719e-01
1.389000005748150246e-01 9.449480323895921297e-01 5.339299304000402202e-01 8.144444136296288272e-01 5.437577769768481284e-01 8.100765307947080940e-01
1.259452709588256281e-01 9.492968503576125761e-01 5.111759956610404387e-01 8.083672503293570788e-01 5.151495535154732019e-01 8.049824617955149142e-01
1.293308587513700980e-01 9.474026103959466427e-01 6.206647001080594084e-01 7.990354592517271426e-01 6.234010272488301752e-01 7.971380739187707842e-01
