7.006335049650095348e-01 5.075596040182740465e-01 6.914201661691827816e-01 4.990452164310519856e-01 6.914480711732592377e-01 5.017139668367347483e-01
6.946252292960229946e-01 5.178713106761013707e-01 6.861427507158053274e-01 5.505965655132875058e-01 6.809855568773892642e-01 5.953045280612244694e-01
6.905348401000029890e-01 5.393872978913523131e-01 6.823488776966676328e-01 5.645071369106486880e-01 6.795482377008515984e-01 5.754145408163264808e-01
6.872986881402287640e-01 5.395261427781877783e-01 6.755462834390543181e-01 5.834913021427089452e-01 6.743130300726208892e-01 5.899633290816326259e-01
6.830855964744177999e-01 5.590536733613397091e-01 6.749899417667065693e-01 5.738040814965458258e-01 6.711201178176062765e-01 5.840640943877550839e-01
6.764160516488291197e-01 5.733447714443624665e-01 6.747536750163062313e-01 5.685562552031824257e-01 6.725686727737894000e-01 5.739158163873516738e-01
6.722960950684373493e-01 5.819804229005409724e-01 6.828340049517356292e-01 5.542832850399663780e-01 6.806257003728224397e-01 5.632334184281679867e-01
6.741818133061819873e-01 5.787101318366336677e-01 6.536239961446341784e-01 6.163860397823786030e-01 6.557205380225668012e-01 6.091757015306122902e-01
6.602970770675770096e-01 5.999955373958949512e-01 6.369423027765952483e-01 6.388617865109847971e-01 6.425228578095533161e-01 6.269610969691860047e-01
6.636662896532211642e-01 5.973153366659679220e-01 6.350914472240513087e-01 6.456985948449474044e-01 6.383623416934695038e-01 6.352439413265306145e-01
6.563076990364241636e-01 6.066848818403091093e-01 6.542875746549186022e-01 6.019876225519988910e-01 6.569487251797501148e-01 6.003109056274501532e-01
6.392513126352407093e-01 6.351009602964359235e-01 6.152885849192991641e-01 6.656096678669169986e-01 6.186313033103942871e-01 6.556600765610227644e-01
6.255388842882031453e-01 6.462606117673164174e-01 5.901293754577636719e-01 6.895350136999356394e-01 5.925512155708001494e-01 6.824617347851091864e-01
6.207829183035523668e-01 6.517400232544781069e-01 5.899337833210572812e-01 6.951312998593863757e-01 5.879719610116920236e-01 6.945471939991931798e-01
5.963701866839054011e-01 6.763924151441477184e-01 5.760076738010018182e-01 7.029437998593863757e-01 5.740068635466147873e-01 7.025829082240864221e-01
5.844605821762641762e-01 6.876537212490165807e-01 5.724698931483899189e-01 7.010342327214903468e-01 5.679463911421445133e-01 7.070232781828665880e-01
5.739524031642579960e-01 6.932818946177071728e-01 6.148020281630047768e-01 6.444441342757920577e-01 6.014978944951173689e-01 6.568399235910299394e-01
5.620571722949507798e-01 7.043126190665864872e-01 5.646816638566679591e-01 7.094251786248159108e-01 5.563891131658943445e-01 7.190848214893924562e-01
5.452637145989132073e-01 7.203615916906481731e-01 6.058868270809367740e-01 6.713314005884073454e-01 6.078242447455318720e-01 6.722975128463336558e-01
5.540543320405222349e-01 7.087506943375524449e-01 5.555001214399175602e-01 7.073971346273260075e-01 5.504298263362475963e-01 7.165258292640958038e-01
5.395781539217399114e-01 7.256426532773205818e-01 5.432687502796367252e-01 7.250083634408853728e-01 5.388914824140315085e-01 7.284438777334836246e-01
5.309146934182104038e-01 7.332444064808587569e-01 5.548424367177284822e-01 7.058081515764785818e-01 5.512899903922664491e-01 7.138791453777527662e-01
5.357908439027131431e-01 7.293245200693172503e-01 5.531253577288934853e-01 7.094739635111921849e-01 5.507023506322685780e-01 7.137197066022424874e-01
5.403511404556079478e-01 7.213186291012451123e-01 5.388616106267702932e-01 7.239141949152542166e-01 5.342768555393024865e-01 7.308354593661366971e-01
5.197179002048325502e-01 7.356221240802403027e-01 5.388365877886950317e-01 7.180391388424371968e-01 5.356011545779754135e-01 7.268574617955149142e-01
5.207377913659506641e-01 7.324262139570973940e-01 5.287102097171848536e-01 7.321239406779661563e-01 5.233606907482050152e-01 7.421715560616278795e-01
5.072453696362293485e-01 7.477189781021897907e-01 5.343721635260824110e-01 7.264649312374955592e-01 5.259794750992132784e-01 7.361049107751067577e-01
4.997588765882227668e-01 7.553455255327433671e-01 5.478786654391530897e-01 7.170146633002717484e-01 5.400555085162727087e-01 7.209343113461319508e-01
4.994782257254106184e-01 7.538802166924859494e-01 5.145855995558076268e-01 7.406403321330830014e-01 5.099931626903767556e-01 7.489875637146891085e-01
4.924506827862593639e-01 7.580381227235724051e-01 5.063655437049219277e-01 7.460345120753272274e-01 5.033498844321893095e-01 7.523995537538917810e-01
4.848629969314937060e-01 7.653101199734819726e-01 6.176507927603640535e-01 6.640625000000000000e-01 6.196856906979667512e-01 6.585379464893924562e-01
4.896149850674789139e-01 7.609811368649893604e-01 5.313879943500130487e-01 7.251547170897661987e-01 5.314338836742906746e-01 7.287547831632652517e-01
4.767733244565281470e-01 7.688184306569343374e-01 5.063838559692188657e-01 7.443549289541729896e-01 5.036376634118507889e-01 7.499840560616278795e-01
4.717573540924239195e-01 7.744391660620696394e-01 5.015598530486479190e-01 7.501393849566831973e-01 5.011871387155688584e-01 7.524154973881584940e-01
4.631217470134261771e-01 7.784036815601543813e-01 4.897240647825144011e-01 7.612134814262390137e-01 4.886675218538362175e-01 7.611049106534646391e-01
4.575242387117260390e-01 7.871459457125976611e-01 5.158069052938687449e-01 7.412954397120717909e-01 5.096740447440926136e-01 7.448501276726625653e-01
4.559330496474774397e-01 7.837045780063545131e-01 4.896520153950836840e-01 7.579031000703068122e-01 4.871834101421492202e-01 7.626355229591836871e-01
4.477103470015699749e-01 7.871781774680980392e-01 4.894803115877054411e-01 7.598056985160052124e-01 4.858801982232502370e-01 7.632174744289748070e-01
4.455338468516830130e-01 7.921170857700988721e-01 5.183134685128422126e-01 7.398179638183722817e-01 5.186066183508658556e-01 7.395966198979592177e-01
4.437982461748332108e-01 7.932228854972950272e-01 4.926004227945360303e-01 7.590112069905814440e-01 4.888864909203685105e-01 7.621890945093972025e-01
4.402668104119544235e-01 7.957072162280117711e-01 4.852520853786145283e-01 7.639593552734892379e-01 4.822752653640143827e-01 7.664142220604176492e-01
4.386109120219293112e-01 7.955758093047315960e-01 5.392799756284487600e-01 7.266600687625044408e-01 5.401228628292376044e-01 7.321029974489795533e-01
4.340223848384662242e-01 7.977973261888879897e-01 4.994166998539940616e-01 7.494215540966745470e-01 4.967817204947374554e-01 7.558195153061224580e-01
4.352557798371697872e-01 7.986080807490940625e-01 4.861303734577308022e-01 7.610462196802688650e-01 4.834879951513543217e-01 7.646364797742999375e-01
4.260496079486651988e-01 8.011965447098668980e-01 4.839668071876138122e-01 7.632554638183722817e-01 4.806400800541955620e-01 7.656409439383721205e-01
4.286312584894417244e-01 8.006163718056504841e-01 5.807383545374465994e-01 7.002397411960666895e-01 5.762272959917175141e-01 6.983737246114380959e-01
4.174559057629021463e-01 8.073974534542891490e-01 4.861516992924577174e-01 7.599311440677966045e-01 4.830522780515709713e-01 7.624521684281679867e-01
4.087893144927755573e-01 8.121776820099266825e-01 4.824869420568821954e-01 7.634296942565400590e-01 4.840717844817103432e-01 7.652024873057190479e-01
4.072447177702492871e-01 8.103107148713438734e-01 4.736201202465316062e-01 7.713188559322033955e-01 4.733826539346149831e-01 7.717075892248932423e-01
3.992271294994075848e-01 8.157678120327691573e-01 4.785669733912257806e-01 7.689353813559322015e-01 4.771891801941151590e-01 7.695711096938775420e-01
