5.118182284118485414e-01 7.390808476148730266e-01 3.215146776983293653e-01 8.690552519539654908e-01 3.169258441395905734e-01 8.677774235910299394e-01
3.461008509145165890e-01 8.507467869424472084e-01 2.744364220712144364e-01 8.888826946080741198e-01 2.642700534541996271e-01 8.920280614069530101e-01
3.054061421077616800e-01 8.707974653174407331e-01 2.646451231281636285e-01 8.898932317555960925e-01 2.497054558171301342e-01 8.958147323253203842e-01
2.756926383632812838e-01 8.855893964314982547e-01 2.584486394110372398e-01 9.030441571090180863e-01 2.429573216988724083e-01 9.039062501824631779e-01
2.546959815234163260e-01 8.967217750792956243e-01 2.441862321506112210e-01 9.026469113463062577e-01 2.321912914286462515e-01 9.049824619171570328e-01
2.315849971270909358e-01 9.057640433311462402e-01 2.538157668659242749e-01 9.025632809784452926e-01 2.431713413751246944e-01 9.053411991620550214e-01
2.131316919070090632e-01 9.150368932389865151e-01 2.717209112341121280e-01 9.033159573199385228e-01 2.494912897901875592e-01 9.066725126942809521e-01
1.966077514047170072e-01 9.223138489862428013e-01 2.522862914760233832e-01 9.042428640995995304e-01 2.350342009900784068e-01 9.084422831632652517e-01
1.657085798843933588e-01 9.345073987097636259e-01 2.740733921527862549e-01 9.067029993412858424e-01 2.672873072858367727e-01 9.075015944485761432e-01
1.540911547350187483e-01 9.398851555629368359e-01 2.817148644540269364e-01 9.039292487047486668e-01 2.605825308330205203e-01 9.088966837342904448e-01
1.434886954235334577e-01 9.467753293740488463e-01 2.844496441342063142e-01 9.050791708089537257e-01 2.737174213920928745e-01 9.078204719995965899e-01
1.305258904114691976e-01 9.496737148639929904e-01 3.052850772263639989e-01 9.069747995522062789e-01 2.917067463680797501e-01 9.095663267130754681e-01
1.136778632219690444e-01 9.578382855784284278e-01 3.504226850503582291e-01 9.027862963029893439e-01 3.198491536384942546e-01 9.049266582849074814e-01
1.032716346646312400e-01 9.616466003612880176e-01 3.426619023084640503e-01 9.036783565909175531e-01 3.329547499591598569e-01 9.021444515306122902e-01
9.476564944225505938e-02 9.642920898695062082e-01 3.514175094285253986e-01 9.034971564503039287e-01 3.340695126324284003e-01 9.042171556122449161e-01
8.398845449198771851e-02 9.677954420556117432e-01 3.652836711982549445e-01 9.045495097920045469e-01 3.583346398129146904e-01 9.030931123665401072e-01
8.166910410199286485e-02 9.693004206149247182e-01 3.831903522802611595e-01 9.012879123122005121e-01 3.629863774593995451e-01 9.034837371840769293e-01
7.029800262492504059e-02 9.734037805647746122e-01 3.752575896806635836e-01 9.020266502590502666e-01 3.647332737526419177e-01 9.033242984085666505e-01
6.677158598373406084e-02 9.738153562928638651e-01 3.865265275462199113e-01 9.070235844385825530e-01 3.775837322583003863e-01 9.063217475706216719e-01
6.501660016739238546e-02 9.755038083904851165e-01 3.679186519929918409e-01 9.032323259418293393e-01 3.639008367852288872e-01 9.034677935498101053e-01
5.870944482824989180e-02 9.783079776450664955e-01 3.824014361884634505e-01 9.107799954333547499e-01 3.745289425536685868e-01 9.072225765914333495e-01
5.425340195533132764e-02 9.803385830273593227e-01 3.857517587178844742e-01 9.033647411960666895e-01 3.744447096345984161e-01 9.047193876942809521e-01
4.611447993937852624e-02 9.832344890510948954e-01 4.497959820900933048e-01 9.077762597698276759e-01 4.378721560066451968e-01 9.072704081024441924e-01
4.707079729486773195e-02 9.823567915136797168e-01 4.498516626782336214e-01 9.080410902783021543e-01 4.416596407488900811e-01 9.045918367955149142e-01
4.796955098880686247e-02 9.820047207992442795e-01 4.441793139203120133e-01 9.049049403707859485e-01 4.311859621761404693e-01 9.083705358967488763e-01
4.100972554734805958e-02 9.843526856742635944e-01 5.074567191176495573e-01 8.969182089223699528e-01 4.848083586108927756e-01 8.981345663873516738e-01
4.259783572034678972e-02 9.836336678832117153e-01 4.302055285138599028e-01 9.018663582155259650e-01 3.952097602720771596e-01 9.053651149175605539e-01
3.392793972344294168e-02 9.872609885939716001e-01 4.889839465840388200e-01 8.993016834986411467e-01 4.414585637955033004e-01 9.022720027334836246e-01
3.814869349903977913e-02 9.858477468038127078e-01 4.571073502302169800e-01 8.974060547553887046e-01 4.136573163678451404e-01 9.032684950804223956e-01
3.616782887600851482e-02 9.872386742682353056e-01 4.518957341373976977e-01 9.046749553437960500e-01 4.199983649411980213e-01 9.075414541424536852e-01
3.359249218904079848e-02 9.871469374990811119e-01 4.735245630145072937e-01 9.042846792835300684e-01 4.361717804734195902e-01 9.102678572644993249e-01
3.303201815766031169e-02 9.875238020054615262e-01 4.357637587492748654e-01 9.030580955036615620e-01 4.073957262218606545e-01 9.055564412657095552e-01
3.699459703503190505e-02 9.863708941605839886e-01 4.294894635677337646e-01 9.079504912182435605e-01 4.154191855341196060e-01 9.049665179787850233e-01
3.090457746718269089e-02 9.885725761852125482e-01 4.957552292084289602e-01 8.999219445858971378e-01 4.803620501212319538e-01 8.965242346938775420e-01
3.243889461822100501e-02 9.879576920592871847e-01 4.515469988523903577e-01 9.066263386758707243e-01 4.368799477815628052e-01 9.081552934889890460e-01
2.945104834069599969e-02 9.888353895967023632e-01 4.615454628305920015e-01 9.075462757530858848e-01 4.397375310334015741e-01 9.071667729591836871e-01
2.615873249635154718e-02 9.901345802919707673e-01 4.705879637750528532e-01 9.101109504699707031e-01 4.516705742143855007e-01 9.105309311832699981e-01
2.522993471684192510e-02 9.907618613138685637e-01 5.091732149407014463e-01 9.048143403004791363e-01 4.870921078385139213e-01 9.048708546526578189e-01
2.573053049260111413e-02 9.905461560200600202e-01 4.834780958244356275e-01 9.083477369809555002e-01 4.580079906296973258e-01 9.078045280612244694e-01
2.485158237081401891e-02 9.903056569343066107e-01 5.047216582096228921e-01 9.060618311671887470e-01 4.678354775723145842e-01 9.052216200804223956e-01
2.923240683663527739e-02 9.891428316596651005e-01 4.712028713044473793e-01 9.059224462105055498e-01 4.461013448557683558e-01 9.072783802236829009e-01
2.329911235940853448e-02 9.915155903266293924e-01 4.780097336082135273e-01 9.089192131818351061e-01 4.366469596873741033e-01 9.129145409987897697e-01
2.612221708018196836e-02 9.907395469881322692e-01 4.908673871876829686e-01 9.043683096513910336e-01 4.732125618552066593e-01 9.043048471212387085e-01
2.078862239803819928e-02 9.922222112217088386e-01 5.127712371995893914e-01 9.026956962326825318e-01 4.826277627096492440e-01 9.065449617955149142e-01
1.940008070843335028e-02 9.934544589397681369e-01 5.046889468774957699e-01 9.047725251165487093e-01 4.857634142497364582e-01 9.080277422861177117e-01
2.224964673467741752e-02 9.919717947061914565e-01 4.826492470199779117e-01 9.067169377359293181e-01 4.426459932737812908e-01 9.092713649175605539e-01
2.061937732815769669e-02 9.933850364963503488e-01 4.958872484453654139e-01 9.048631241766073030e-01 4.599979777573322548e-01 9.085060586126483262e-01
1.834414763729611333e-02 9.935908243603950307e-01 5.509322755417581652e-01 9.081735055325395045e-01 5.061229088400699405e-01 9.120934310616278795e-01
1.746852953160303937e-02 9.934767732655045425e-01 5.250784391063755274e-01 9.106406114869198820e-01 5.049141435598840655e-01 9.109853317542951912e-01
1.991583292719221326e-02 9.924503134114899261e-01 5.212210063206947908e-01 9.098043047775656866e-01 4.880070593968338089e-01 9.105070154277645766e-01
