5.221474899427733796e-01 7.359097312836750948e-01 3.585636325306811312e-01 8.476388272592576545e-01 3.549301708687324641e-01 8.478236608967488763e-01
3.492677953556506121e-01 8.514782016294716316e-01 2.853605691659248378e-01 8.828821919732174894e-01 2.774741152415470258e-01 8.844626913873516738e-01
3.033698747192856149e-01 8.705792805574236182e-01 2.652498165429648669e-01 8.933011818740327348e-01 2.522544419506982938e-01 8.951371175294019489e-01
2.755916091429926329e-01 8.860431213448517473e-01 2.448424640095840099e-01 9.041174175375599198e-01 2.335313371933844528e-01 9.047831634477693230e-01
2.522884943406947245e-01 8.980209657745640284e-01 2.410185022626893103e-01 9.067239074383751651e-01 2.314296265569876776e-01 9.051419006926673116e-01
2.297498582705964076e-01 9.057640433311462402e-01 2.660753807779085989e-01 9.029744651358005969e-01 2.478082364387050041e-01 9.042570153061224580e-01
2.063282739615788508e-01 9.197005912335249889e-01 2.582223962171603104e-01 9.063615081673961349e-01 2.570186247859074236e-01 9.010921555514238568e-01
1.857759163436228378e-01 9.248775191550707708e-01 2.626753599714424792e-01 9.025284344867124942e-01 2.500851059674608634e-01 9.048628828355244069e-01
1.684268705927542409e-01 9.337759840227392028e-01 2.775050995208449556e-01 9.063684768595937635e-01 2.674889551209552185e-01 9.058673469995965899e-01
1.533351586791720789e-01 9.404330967116529827e-01 2.860724324897184201e-01 9.022148190918615196e-01 2.740544374956160323e-01 9.034917093053156378e-01
1.382874178353452332e-01 9.454637417828080093e-01 3.265767438431917413e-01 8.996152988934921213e-01 3.172593861438182117e-01 8.999840562440910574e-01
1.229404768750180232e-01 9.500927285556375335e-01 3.312908885842662521e-01 9.058806310265751227e-01 3.286399964471252710e-01 9.028698981416468650e-01
1.101956428946369720e-01 9.586936687901072007e-01 3.522707122867390073e-01 8.998801294019667107e-01 3.297972239705981301e-01 9.035953444485761432e-01
9.920491044321198826e-02 9.615771779178703405e-01 3.403222257808103390e-01 9.000055759640063213e-01 3.276738053453819854e-01 9.013153700804223956e-01
8.808187103021318520e-02 9.650780506377673040e-01 3.606038863881159684e-01 9.016851580749123407e-01 3.459640418996616229e-01 9.035076532436876473e-01
8.304874408636650496e-02 9.680334616751566923e-01 3.664429705526869308e-01 8.921930759640063213e-01 3.474709298461675644e-01 8.935586734085666505e-01
7.531541001296392090e-02 9.706120082061656662e-01 3.817873882540201991e-01 8.968345785545090987e-01 3.673879513326956392e-01 8.996332908163264808e-01
6.998715304300515139e-02 9.734161774607470452e-01 3.961211200487815831e-01 8.975802851935564819e-01 3.722726728158946008e-01 8.994658802236829009e-01
5.936825993967100035e-02 9.764385314753455392e-01 4.341203524904735933e-01 9.023472343460988698e-01 4.140254920538590788e-01 9.041055486518509987e-01
6.267354911342806756e-02 9.760839812947015304e-01 4.124114061311139889e-01 9.005840208570835559e-01 3.968905265614086075e-01 9.047114158771476511e-01
5.250769602066843872e-02 9.815485164196822154e-01 4.220644659915213093e-01 8.955940563799971166e-01 4.122052443194754168e-01 8.940529336734693855e-01
5.370914423498358847e-02 9.796195652363074435e-01 4.449313000097113169e-01 8.989532226223057032e-01 4.277283398016374916e-01 8.978714924685808896e-01
4.901563809219285778e-02 9.815931450711549155e-01 4.283706528150429405e-01 9.028768953630479377e-01 4.081867479396109610e-01 9.037149235302087691e-01
4.680043370904822531e-02 9.828923357664233196e-01 4.417354900200488044e-01 9.023960192324751439e-01 4.356869602081727133e-01 8.994419644681774795e-01
4.496440989216857892e-02 9.840898722627736683e-01 4.436800197019415415e-01 8.998313445155903256e-01 4.315699428624036327e-01 8.993064414481727331e-01
4.023748711023452523e-02 9.853444343065693722e-01 4.562569750567613824e-01 9.007582512952513332e-01 4.424255885259837373e-01 9.014668367346938549e-01
3.696291023834750999e-02 9.866560218978102093e-01 4.594967951208858148e-01 8.911407226223057032e-01 4.408934207214992851e-01 8.911192602649027350e-01
3.683704079679437499e-02 9.856865875912408370e-01 4.738159669657884820e-01 8.959494869587785182e-01 4.632883582416237878e-01 8.954559950804223956e-01
3.673872869312219680e-02 9.863832910565564216e-01 4.786005878852585549e-01 8.992180531307801816e-01 4.624530001334389850e-01 8.995774871840769293e-01
3.296179861428528979e-02 9.878089297426878579e-01 4.725910723209381104e-01 9.008906665494886834e-01 4.452157084430967138e-01 9.026387117955149142e-01
3.510940111629719251e-02 9.871692518248175174e-01 4.658193307912955605e-01 8.978869318962097168e-01 4.426312322671316357e-01 9.025908802845039602e-01
2.974012993568432225e-02 9.890510948905109068e-01 4.992122715812618572e-01 8.974478699393191317e-01 4.773071432600216046e-01 8.984693878767441300e-01
3.163882949301143749e-02 9.879800063850235903e-01 4.451435099718934474e-01 8.927645521648859273e-01 4.488981452827550678e-01 8.917889032436876473e-01
2.888784287701340325e-02 9.905337591240875872e-01 4.747731602292949993e-01 8.946183657242079423e-01 4.662164654962870358e-01 8.952806123665401072e-01
2.695307627925309230e-02 9.909329379562044071e-01 5.096011409315012175e-01 8.964721792835300684e-01 4.774441317636139437e-01 8.987723214893924562e-01
2.706178234053952317e-02 9.903403681560154492e-01 4.933097162994287688e-01 8.966464097216978457e-01 4.757406326885126324e-01 8.979671557947080940e-01
2.396913497185293798e-02 9.904891304726147760e-01 5.470197286646244494e-01 9.003191903486089664e-01 5.368712860710767032e-01 8.961176659379687104e-01
2.640581980473396054e-02 9.901345802919707673e-01 5.445221586752746479e-01 8.963467327214903468e-01 5.192552245393091681e-01 8.975605867346938549e-01
2.366884796451913103e-02 9.915949301998110421e-01 5.125672342413563065e-01 8.959076717748479801e-01 5.078967644699982076e-01 8.941964285106075438e-01
2.231549374490677390e-02 9.917883211678831801e-01 5.228452892121622231e-01 8.970994090629835771e-01 5.077841399351552543e-01 8.970503828355244069e-01
2.536642569266803551e-02 9.906602071149506195e-01 5.059037956140809422e-01 8.986814234216334851e-01 4.939791440811692191e-01 8.970902425294019489e-01
2.300532444220471442e-02 9.920164233576642676e-01 4.867835827803207449e-01 9.004934207867767437e-01 4.808670836215724886e-01 8.999202807947080940e-01
1.890506983834937260e-02 9.933056966231686991e-01 5.078420868869555349e-01 9.071629683850175319e-01 4.968051826011161687e-01 9.060985333457285407e-01
2.557016970474191436e-02 9.905114447983511816e-01 4.910073703375913423e-01 9.052115860631910760e-01 4.788477370249373810e-01 9.045918367955149142e-01
1.889017337838011165e-02 9.934420620437955929e-01 5.171850561085393760e-01 9.008000674894300897e-01 4.900349646958769845e-01 9.024394133261272044e-01
1.598842536357578115e-02 9.940123175182481452e-01 5.077656593363163440e-01 9.004446369106486880e-01 5.018788928128018467e-01 9.000876913873516738e-01
2.155520634837856594e-02 9.923139479908630323e-01 5.103070609650369738e-01 9.023890505402775153e-01 4.974719348306558819e-01 9.022082269799952536e-01
2.025766661186723105e-02 9.923585766423357324e-01 5.335607152369062911e-01 9.028768953630479377e-01 5.182686867762584804e-01 9.055883291424536852e-01
2.063910346724650430e-02 9.926213900538256585e-01 5.667606334565049586e-01 8.967857936681327136e-01 5.541641665052394750e-01 8.961256377551020114e-01
2.212135846102881997e-02 9.920288202536367006e-01 5.043099382418697596e-01 8.949250114166130698e-01 4.792119519290875540e-01 8.956871811224489388e-01
