5.031740933004087424e-01 7.441462039077368917e-01 2.919486601979045526e-01 8.817740860631910760e-01 2.954757293420178788e-01 8.787786991012339621e-01
3.457465109816432736e-01 8.511236514488276228e-01 2.641259073200872276e-01 8.910501225519988910e-01 2.665607078495074167e-01 8.887834822644993249e-01
3.056637070474833573e-01 8.716280547371746401e-01 2.423792622857174617e-01 9.026120648545733482e-01 2.416221714217443861e-01 9.030691966110345748e-01
2.794186726321268854e-01 8.864819703310945487e-01 2.369368755716388386e-01 9.040268174672531076e-01 2.369938284842943721e-01 9.058434312440910574e-01
2.577711723364182750e-01 8.927076724323913526e-01 2.270254020468663314e-01 9.095464429612887258e-01 2.254215660980161406e-01 9.110809950804223956e-01
2.342081486526196854e-01 9.045987385902961586e-01 2.266637842028828009e-01 9.103409344867124942e-01 2.226064913735097683e-01 9.117984695702182618e-01
2.133182384019350619e-01 9.144170501806440088e-01 2.393161209963135805e-01 9.081316903486089664e-01 2.250515672625327535e-01 9.117107780612244694e-01
1.949592571515236517e-01 9.208658959743750705e-01 2.549523332361447459e-01 9.079156447265107621e-01 2.434558127911723435e-01 9.103874363461319508e-01
1.771159911133947107e-01 9.300891582983253913e-01 2.491326362399731709e-01 9.086613513655581453e-01 2.322014916536151163e-01 9.123485331632652517e-01
1.568362701167590467e-01 9.381867860355516120e-01 2.745074900025028519e-01 9.078598911479368594e-01 2.550504049476312041e-01 9.111766581024441924e-01
1.437700844648545639e-01 9.445959616751566923e-01 2.939584161770545934e-01 9.097624885833869302e-01 2.764442858799379676e-01 9.129544006926673116e-01
1.281482012820069905e-01 9.508340606724259292e-01 3.817030380843049464e-01 8.876073259418293393e-01 3.470207081765544488e-01 8.902104591228523489e-01
1.183598167161001719e-01 9.538688115829968561e-01 3.191016791230540939e-01 9.089679970579632728e-01 2.929196136490422875e-01 9.107222578355244069e-01
1.028928362431317384e-01 9.600721993585572545e-01 3.385860244348897763e-01 9.079156447265107621e-01 3.134856913238763809e-01 9.068319514697912309e-01
8.972169990467764034e-02 9.654549151441477184e-01 3.653323822102303997e-01 9.019987734697633153e-01 3.486383864085893514e-01 8.984773596938775420e-01
8.469206475428421588e-02 9.676466797390123054e-01 3.587449054091663703e-01 9.032323259418293393e-01 3.278113281240268573e-01 9.077168368563359735e-01
7.789029470597305660e-02 9.702351436997852518e-01 3.750153249603206951e-01 9.068563226926125154e-01 3.508718209151102663e-01 9.070870535714286031e-01
7.194906378667938196e-02 9.724120319324688344e-01 4.405581506632141875e-01 8.998383142180361727e-01 4.082214105494168521e-01 9.030771684281679867e-01
6.591524418960087450e-02 9.752633093047315960e-01 3.900267102960812693e-01 9.067169377359293181e-01 3.713397880521964178e-01 9.056521045918367596e-01
6.487338683384395732e-02 9.763591916021638895e-01 4.024851084765741493e-01 9.047376786248159108e-01 3.788063340269181012e-01 9.057557397350972650e-01
5.839400119861982291e-02 9.776236710757234549e-01 3.916240129935539271e-01 9.057970006587141576e-01 3.616112411706423058e-01 9.066406251216421186e-01
5.130518431245029848e-02 9.791757577527178125e-01 4.293105276459354691e-01 9.083128904892225908e-01 3.918244144594182909e-01 9.076849489795918435e-01
5.218755727783389031e-02 9.805790821131128432e-01 4.503682215335005345e-01 9.034135260824429636e-01 4.186649323840226367e-01 9.036910077747033476e-01
4.602940458749985031e-02 9.832692002728037339e-01 4.315117536965062950e-01 9.029256802494243228e-01 3.958459176807379021e-01 9.048230231416468650e-01
4.496404093887357983e-02 9.822997659662343617e-01 5.070222666708089632e-01 8.967439784842022865e-01 4.585399024036465598e-01 8.994100765914333495e-01
4.042931475479454723e-02 9.854931966231686991e-01 4.692445809053162331e-01 8.989950378062361303e-01 4.368760406742898672e-01 9.032206632653061451e-01
4.375085749248736056e-02 9.829840725355775133e-01 4.594034262127795198e-01 9.055739853341701062e-01 4.221282200317602040e-01 9.074776786930707217e-01
4.134042026053597746e-02 9.847295501806440088e-01 4.722361456034547267e-01 9.053997548960023289e-01 4.247225032245017795e-01 9.103555484693877098e-01
3.464469347101548080e-02 9.877171929735336642e-01 4.767857610674227642e-01 9.066333073680683530e-01 4.455837879177866889e-01 9.068160078355244069e-01
2.967790169573395961e-02 9.885155506377673040e-01 5.912514728004649722e-01 8.900395854044769184e-01 5.536554677373900502e-01 8.906967475706216719e-01
3.460377900534900714e-02 9.861204776450664955e-01 4.795264899730682373e-01 9.055739853341701062e-01 4.339706053843303546e-01 9.077407526118415060e-01
3.632431153894612880e-02 9.870552007299270292e-01 4.629709058898990315e-01 9.046122320627761892e-01 4.380712471142106934e-01 9.038504465502135155e-01
3.194098109991228701e-02 9.884585250903220599e-01 4.609539193117012656e-01 9.030999106875921001e-01 4.195403845182487101e-01 9.098772321428570953e-01
2.933775559815503253e-02 9.902957395045426381e-01 5.139898528992119520e-01 9.056227702205463803e-01 4.572323942366911531e-01 9.099170918367347483e-01
2.809725049033380204e-02 9.888229927007299302e-01 5.751722457550340062e-01 8.948971346273260075e-01 5.357248772848017815e-01 8.956234056730659754e-01
2.913803285341301855e-02 9.893709338494460770e-01 4.851857979418867650e-01 9.040756023536293817e-01 4.477176766234393090e-01 9.080436862244898322e-01
2.684220463465763346e-02 9.902263170611249610e-01 5.114054349014314216e-01 9.038107718451547923e-01 4.684273894800215499e-01 9.045679210400094927e-01
2.189980450436391363e-02 9.922445255474452441e-01 5.051601173008902768e-01 9.003679752349853516e-01 4.582821483134615348e-01 9.049266582849074814e-01
2.438959256953213139e-02 9.916519557472562862e-01 5.068466466362193668e-01 9.046470785545090987e-01 4.517340354089225962e-01 9.080436862244898322e-01
2.557811361353463583e-02 9.906031815675053753e-01 4.944994596101470186e-01 8.992180531307801816e-01 4.292796245034860014e-01 9.067283163265306145e-01
2.471835214991367075e-02 9.913891423357664712e-01 5.111937161724445788e-01 9.015597125231209485e-01 4.577352619748942808e-01 9.050302934281679867e-01
2.451706809555962222e-02 9.914808791049205539e-01 5.024821672399165662e-01 9.053579397120717909e-01 4.603431568842153432e-01 9.075892856534646391e-01
2.058459950838727529e-02 9.932486710757234549e-01 5.413800642146902042e-01 8.989114074383751651e-01 4.878255986057373761e-01 9.006138392248932423e-01
2.100088863198502562e-02 9.926213900538256585e-01 5.249666379669964966e-01 9.076089990341057456e-01 4.708398345249648065e-01 9.106345663265306145e-01
1.973322258045366595e-02 9.924726277372263317e-01 5.518811334997920648e-01 9.038107718451547923e-01 5.201861686548407970e-01 9.062420281828665880e-01
2.212925362154283954e-02 9.921998968959724330e-01 5.527285009117449688e-01 9.020475583561395894e-01 4.994305668740856574e-01 9.085459183065258681e-01
2.067539273093311689e-02 9.922445255474452441e-01 5.380205251907898001e-01 9.039431870993921425e-01 4.893198014826190545e-01 9.074776786930707217e-01
1.870880363446177780e-02 9.937966122244396017e-01 5.055082804065639257e-01 9.052673396417649787e-01 4.550143663524364723e-01 9.109933035714286031e-01
2.305406589149395363e-02 9.909676491779132457e-01 6.054141220905012721e-01 9.031068803900379471e-01 5.637253005133600059e-01 9.009725764697912309e-01
1.923513540447465212e-02 9.936701642335766804e-01 5.296929317005609761e-01 9.072535684553243440e-01 4.817160197666713328e-01 9.102678572644993249e-01
