5.152441556871372175e-01 7.403106158667237535e-01 3.274114745653281533e-01 8.625808428909819137e-01 3.280682620041224240e-01 8.638871175294019489e-01
3.476077478079900307e-01 8.517534119369339907e-01 2.654735140376172087e-01 8.907852920435243016e-01 2.625533583364924595e-01 8.918207908163264808e-01
3.047407230321508287e-01 8.714743334881580594e-01 2.501397555914975923e-01 9.028350801791175106e-01 2.510183108780457140e-01 9.003985971212387085e-01
2.756220986590768307e-01 8.842307007225760351e-01 2.493413909006927109e-01 9.046470785545090987e-01 2.451638947336041152e-01 9.040577168367347483e-01
2.550260112994778838e-01 8.959903603922712012e-01 2.485805477126170060e-01 9.009812666197954956e-01 2.484843559867265239e-01 9.005580358967488763e-01
2.288904606643384354e-01 9.058557801003003229e-01 2.685293848231687375e-01 8.928551522351927394e-01 2.675447323340542360e-01 8.928970025510204467e-01
2.099018062662034168e-01 9.170526222590982268e-01 2.463300504674345859e-01 9.096788582155259650e-01 2.425567478093565710e-01 9.117187501824631779e-01
1.909351356490684992e-01 9.251279356705881529e-01 2.501386691958217279e-01 9.065496770002073879e-01 2.462873884609767250e-01 9.052455358359278170e-01
1.745176506194755228e-01 9.299899835656159075e-01 2.819207659212209505e-01 9.036713868884717060e-01 2.678166912222395002e-01 9.047672195093972025e-01
1.579800793615570853e-01 9.379958745336880455e-01 2.975661279791492753e-01 8.991692682444039075e-01 2.916995511979472711e-01 9.012037628159230707e-01
1.418627412432301726e-01 9.452579539187633273e-01 3.067080874816845992e-01 9.055321701502395682e-01 3.054406499604181424e-01 9.064891581632652517e-01
1.264010667528984444e-01 9.519968859470673284e-01 2.997766873341495830e-01 9.112260260824429636e-01 3.010695621523322152e-01 9.090720664481727331e-01
1.122999492298512592e-01 9.582622582024901137e-01 3.187396576849080843e-01 9.078320143586497970e-01 3.177720060077857123e-01 9.089604591836735192e-01
1.002713448918648859e-01 9.623309069306310581e-01 3.732583641500796245e-01 9.072535684553243440e-01 3.605535510471280514e-01 9.082509568151162505e-01
9.231235333004572663e-02 9.648499484479862165e-01 3.365523078936641377e-01 9.075114292613530864e-01 3.295704525116147088e-01 9.068797832849074814e-01
8.733844089518932874e-02 9.671309703457964257e-01 3.720609149185277742e-01 9.035389716342344668e-01 3.769304397687011643e-01 9.000558035106075438e-01
8.124855892175306127e-02 9.694814146870244231e-01 3.857886489417593490e-01 9.074696140774225483e-01 3.702196392933932989e-01 9.086017219387755306e-01
7.052720219141593583e-02 9.731310497235207135e-01 4.113238693799002865e-01 9.095394742690910972e-01 3.983374984972939403e-01 9.110331632653061451e-01
7.065169079514750650e-02 9.738500675145727037e-01 3.947747839709459527e-01 9.012879123122005121e-01 3.830701470641152961e-01 9.012276785714286031e-01
6.519619541337889901e-02 9.752186806532587848e-01 4.338858652923066606e-01 9.068563226926125154e-01 4.156096441557212695e-01 9.048230231416468650e-01
5.925145191922240318e-02 9.789600524589092689e-01 4.066204299866142957e-01 9.091073820146463591e-01 3.806058174113229886e-01 9.113600129375651893e-01
5.738966332843704193e-02 9.778765670574494084e-01 4.062875544620772605e-01 9.055739853341701062e-01 3.842625579587659046e-01 9.067761481416468650e-01
5.093179325688711873e-02 9.813873572071103446e-01 4.370910515219478265e-01 9.103897193730887683e-01 4.068088732963922038e-01 9.122369262028713344e-01
4.975110621796580840e-02 9.817667011796993304e-01 4.294119136313260809e-01 9.059712310968819349e-01 4.232880595919428779e-01 9.084901149783816132e-01
4.992082877506087008e-02 9.809088385018118750e-01 4.204883762335372976e-01 9.087519514358649575e-01 4.158143783558387874e-01 9.091278700804223956e-01
4.069185300465047450e-02 9.850022810218977964e-01 4.633772105483685566e-01 9.068075378062361303e-01 4.385544118680516079e-01 9.093750000608210593e-01
4.065218621212308980e-02 9.849006268229797412e-01 4.379201973393812009e-01 9.016851580749123407e-01 4.384672376802380978e-01 8.997927295918367596e-01
4.018346309988168191e-02 9.855055935191412431e-01 4.669622799097481458e-01 9.018593895233283364e-01 4.421200864017009735e-01 9.026785714893924562e-01
3.642239853787324066e-02 9.866113932463373981e-01 4.558382855128433886e-01 9.071559996928199032e-01 4.350810934770472094e-01 9.098054848763407199e-01
3.909099761423838471e-02 9.850593065693430406e-01 4.816122668779502236e-01 9.096788582155259650e-01 4.711836635382199989e-01 9.095025509595870972e-01
3.399348159041935824e-02 9.876031418786431759e-01 4.849384101265568070e-01 9.036713868884717060e-01 4.755272175736573459e-01 8.997369259595870972e-01
3.437760831060798772e-02 9.878882696158695076e-01 4.673273457308946832e-01 9.107381802494243228e-01 4.314486117919488772e-01 9.127232143465353609e-01
3.097482435371264400e-02 9.885279475337397370e-01 4.763184035733594723e-01 9.072117532713938060e-01 4.542433147755812750e-01 9.053411991620550214e-01
3.283601390524176072e-02 9.880246350364964014e-01 4.865178619906053714e-01 9.078180759640063213e-01 4.745849075213987023e-01 9.100765306122449161e-01
2.850890432035781477e-02 9.899064781021897907e-01 4.591164902105169809e-01 9.089749667604091199e-01 4.511728601492180912e-01 9.066007654277645766e-01
2.935375329141036091e-02 9.892568827545555887e-01 4.641337169934127149e-01 9.046819250462418971e-01 4.646228180095857696e-01 9.024314415089937924e-01
2.758376506653471491e-02 9.903626824817518548e-01 4.966614213535341382e-01 9.082571369106486880e-01 4.930113398907136069e-01 9.066804848155196606e-01
2.838185207449226213e-02 9.893139083020008329e-01 4.815630369772345154e-01 9.076438445155903256e-01 4.791734198450434135e-01 9.076450892857143016e-01
2.781128685540744036e-02 9.894279593968913211e-01 5.318414245621633230e-01 8.990438226926125154e-01 5.293659527919122310e-01 8.987005739187707842e-01
2.432265761308372021e-02 9.905684703457964257e-01 5.049661312062861951e-01 9.085707512952513332e-01 5.012815999133246603e-01 9.063058036322496624e-01
2.506598643108821564e-02 9.912750912408758719e-01 5.483821534504325079e-01 9.032811108282057244e-01 5.459996522689352094e-01 8.986846302845039602e-01
2.264484294595020195e-02 9.926437043795620641e-01 4.962819423210823033e-01 9.075602141477293605e-01 5.056871672598074463e-01 9.014748088559325634e-01
2.273176463463608826e-02 9.912750912408758719e-01 5.563940318711733113e-01 9.090585971282700850e-01 5.245542866082824052e-01 9.079400510812292158e-01
2.240484462112840927e-02 9.923362623165993268e-01 5.222400449595209215e-01 9.057900309562683105e-01 4.946515988178399326e-01 9.042410713677503376e-01
2.383111823642504110e-02 9.919370834844826179e-01 5.762368991213330238e-01 9.015178973391905215e-01 5.779880537670485374e-01 8.971061861636687729e-01
2.013785265561152463e-02 9.919147691587462123e-01 5.199055275169469637e-01 9.091491971985768972e-01 5.170332242031486780e-01 9.012197067542951912e-01
1.986039503915983107e-02 9.932709854014598605e-01 5.155859612307306383e-01 9.083477369809555002e-01 4.780804317026418060e-01 9.108657526726625653e-01
1.906011001815353240e-02 9.933056966231686991e-01 5.379844143734140438e-01 9.095464429612887258e-01 5.191446323784030259e-01 9.067602042032747445e-01
1.918992231494617839e-02 9.927007299270073082e-01 5.110863187050415091e-01 9.136025309562683105e-01 5.084933159226665556e-01 9.097975127551020114e-01
2.055621718568047609e-02 9.925990757280892529e-01 5.114078228756532285e-01 9.109542258715225271e-01 4.918186628468790844e-01 9.110730229591836871e-01
