5.162568259848295815e-01 7.369932166851349553e-01 3.238683933928861447e-01 8.621139051550525956e-01 3.145802906733386473e-01 8.672831633261272044e-01
3.506116699563325834e-01 8.480789831084926123e-01 2.780589739144858630e-01 8.842830061912536621e-01 2.685029566744152607e-01 8.884167728983626278e-01
3.060210397208694144e-01 8.720743416869727316e-01 2.503184893373715525e-01 8.964652095810842214e-01 2.438404899166554951e-01 9.015146685498101053e-01
2.792101554626966187e-01 8.837174707955687269e-01 2.544328966888330656e-01 8.952316571090180863e-01 2.460287708256925776e-01 9.004783165089937924e-01
2.558334611193107122e-01 8.962283800118160393e-01 2.498169192823312956e-01 8.991622995522062789e-01 2.356749588281524532e-01 9.056202170191979262e-01
2.311364739698215098e-01 9.078045661432029290e-01 2.496067918205665259e-01 8.991622995522062789e-01 2.378932167300764344e-01 9.060985333457285407e-01
2.146882000413254110e-01 9.154112782791583580e-01 2.621232372219279849e-01 9.027375114166130698e-01 2.449931695068977289e-01 9.066167093661366971e-01
1.954699470831529895e-01 9.229510474379045704e-01 2.667638212442398071e-01 8.970854706683401014e-01 2.452440746128559113e-01 9.031887756926673116e-01
1.735843014325538780e-01 9.298040305610990597e-01 2.742850598642381788e-01 9.036574484938282303e-01 2.470676231445098348e-01 9.073820153669435173e-01
1.589253431145292161e-01 9.381743891395791790e-01 2.736962580327260142e-01 8.992877451039976711e-01 2.546888566290845812e-01 9.080277422861177117e-01
1.419363069164491786e-01 9.446753015483382310e-01 3.009797452112375482e-01 9.004864520945791151e-01 2.751902697265756204e-01 9.060347575922401697e-01
1.296228766441345215e-01 9.497158640492571191e-01 3.140686614028477819e-01 9.045495097920045469e-01 2.928497398994406864e-01 9.080516583457285407e-01
1.200100111972241534e-01 9.542208822974322935e-01 3.302545108027377108e-01 9.005282672785096532e-01 3.033802029581702531e-01 9.054448343053156378e-01
1.027436811123451227e-01 9.601292249060024986e-01 3.549441705315800055e-01 8.942559654429808047e-01 3.168659768618491412e-01 9.017857142857143016e-01
9.388678340091757835e-02 9.656036774607470452e-01 3.724232187210503309e-01 8.952246874065722393e-01 3.476122968583082451e-01 9.000000001824631779e-01
8.690413230363905339e-02 9.676913083904851165e-01 3.895410632683058982e-01 8.934196587336264983e-01 3.519563614485823333e-01 8.983976403061224580e-01
7.742344774305820465e-02 9.704508489935937954e-01 3.989789983478643220e-01 9.012739739175570364e-01 3.656682823309485020e-01 9.048867985910299394e-01
7.124532005973975568e-02 9.739294073877543534e-01 4.320478323152509570e-01 8.918794605691554578e-01 4.044825880959325715e-01 8.957031250608210593e-01
6.508897238132292651e-02 9.760616669689652358e-01 4.172174079438387140e-01 8.985838536488808259e-01 3.986166796970124215e-01 9.039301659379687104e-01
6.097188589237902134e-02 9.768029990857535205e-01 4.156546269432973006e-01 9.037968334505113166e-01 3.746971322261557491e-01 9.082509568151162505e-01
5.751335586890252149e-02 9.784220287399570948e-01 3.785126555269047177e-01 9.066193689734248773e-01 3.753516407189320669e-01 9.071747450804223956e-01
5.144749366997802137e-02 9.811270232618289899e-01 4.338711687063766531e-01 8.997337757530858848e-01 3.944548003527583169e-01 9.062500000000000000e-01
4.806619580753528076e-02 9.824485282828337995e-01 4.407694334700956174e-01 9.099645968210898772e-01 4.164250672471766501e-01 9.110491072036781546e-01
4.605343150668335384e-02 9.835890392317389042e-01 4.018824370735782914e-01 9.018036349345062153e-01 3.747914384062193127e-01 9.076849489795918435e-01
4.522211987688375817e-02 9.844667367691540827e-01 4.540015150934962884e-01 8.958031333098976923e-01 4.340974925732126177e-01 8.991071429787850233e-01
4.128658893198645236e-02 9.835543280100300656e-01 4.377588278661340149e-01 9.059572927022384592e-01 4.196470176839098842e-01 9.099728954689842997e-01
3.650250852475092622e-02 9.864403166040016657e-01 4.654291668685816008e-01 9.017200045666452501e-01 4.308381600647556708e-01 9.054528061224489388e-01
4.312278504014341318e-02 9.844320255474452441e-01 4.633480201838380275e-01 8.952386268114639334e-01 4.424055066643928780e-01 8.961176659379687104e-01
3.838052843649783497e-02 9.864973421514469099e-01 4.473141272694377557e-01 9.053370316149824681e-01 4.216419554182461171e-01 9.100366709183673741e-01
3.744441891993212368e-02 9.864849452554744769e-01 4.423244625835095478e-01 9.065218002109204365e-01 4.049842859409293339e-01 9.084502552845039602e-01
2.989675780166837701e-02 9.896213503649634591e-01 4.659233959549564652e-01 9.018942350048130274e-01 4.437474654037125155e-01 9.040656889579734568e-01
3.348004889851231847e-02 9.866684187937827533e-01 4.394698062185513621e-01 9.016712196802688650e-01 4.275387262887492268e-01 9.054209185498101053e-01
3.228551269012645830e-02 9.874667764580162821e-01 4.363339129140821337e-01 9.007024977166774304e-01 4.285701759615723194e-01 9.041055486518509987e-01
2.949947492987678790e-02 9.886643129543666308e-01 4.768661705114073945e-01 9.024169273295644667e-01 4.564200259593068076e-01 9.052535076530612290e-01
3.313623043626927334e-02 9.879800063850235903e-01 4.665944952580888261e-01 8.992459299200672440e-01 4.469098970293998718e-01 9.007095025510204467e-01
2.711789914148513003e-02 9.893486195237096714e-01 4.569119126614877846e-01 9.021590655132875058e-01 4.302603317310615405e-01 9.045758928571429047e-01
3.161116358042306840e-02 9.879452951633147517e-01 5.121747144198013357e-01 9.019360501887434545e-01 4.889970983625674950e-01 9.039301659379687104e-01
2.394200037539440454e-02 9.915031934306569594e-01 5.202305337130013196e-01 9.025144960920689075e-01 4.771746132066663204e-01 9.080516583457285407e-01
2.564257146777027679e-02 9.906254958932416699e-01 5.141529122651633532e-01 8.993365299903740562e-01 5.024885764839698288e-01 9.014269770408163129e-01
2.186659866447703340e-02 9.910023603996220842e-01 5.053771368022692556e-01 9.031347571793248985e-01 4.703385713605248153e-01 9.076849489795918435e-01
2.308025699870212138e-02 9.919370834844826179e-01 4.981439267679796390e-01 9.042777095810842214e-01 4.703411069147440671e-01 9.070870535714286031e-01
2.335828755146069149e-02 9.919370834844826179e-01 5.176679992069632696e-01 9.035668484235214182e-01 4.893072786912017746e-01 9.069036990404129028e-01
2.069663938498600420e-02 9.924503134114899261e-01 5.125746052649061690e-01 9.044519400192518876e-01 4.819118082523345947e-01 9.086415816326530726e-01
2.342952658799579008e-02 9.921304744525547559e-01 4.928464427337808096e-01 9.021102806269112317e-01 4.651087464346569389e-01 9.050940688775510612e-01
2.203440329529018568e-02 9.912180656934306278e-01 5.106285669035830477e-01 9.062639383946434757e-01 4.690936301283690213e-01 9.093351403669435173e-01
2.060360163297286773e-02 9.929982545602060728e-01 5.342576475971836381e-01 8.947089657945147545e-01 5.172928795978730676e-01 8.973134567542951912e-01
2.016397309574522942e-02 9.925420501806440088e-01 5.260550932864010987e-01 8.987650537894944502e-01 5.090095745969791530e-01 9.017857142857143016e-01
2.087230207381539013e-02 9.925073389589351702e-01 5.098375784138501343e-01 9.022566352860402761e-01 4.963261516650720462e-01 9.042490434889890460e-01
1.828595379666581727e-02 9.935337988129497866e-01 5.265970518023280755e-01 8.986744537191876381e-01 5.248165064472325447e-01 8.984693878767441300e-01
1.702810561897940070e-02 9.938982664233576569e-01 5.287470069982237453e-01 9.033089876174926758e-01 5.019573010884377240e-01 9.068877551020407823e-01
