5.107415853625666413e-01 7.373923955172517752e-01 3.150208130226296865e-01 8.715711417844740350e-01 3.004223376664580392e-01 8.764030614069530101e-01
3.437475689353733932e-01 8.533054981788579241e-01 2.653525638378272378e-01 8.920885374990560335e-01 2.579181019444855005e-01 8.933434313049122277e-01
3.008011204265330085e-01 8.738322162280117711e-01 2.681296566280267912e-01 8.926739520945791151e-01 2.605895194776204349e-01 8.944913903061224580e-01
2.726914863081744134e-01 8.882695971614252839e-01 2.433106767929206493e-01 9.015457741284774729e-01 2.325394527264395550e-01 9.048150510204081565e-01
2.507332692833712517e-01 8.987375040994073361e-01 2.517953244811397262e-01 9.022078503996638910e-01 2.397823787997571676e-01 9.060507015306122902e-01
2.289939696771385036e-01 9.064136386787804422e-01 2.472985179747565210e-01 9.045913249759350849e-01 2.307457655136074259e-01 9.088488522232794908e-01
2.108604767679297942e-01 9.167228658703991950e-01 2.505887955174607717e-01 9.042428640995995304e-01 2.410382051781123913e-01 9.054846939991931798e-01
1.900547079361268321e-01 9.253684347563416734e-01 2.575290748628519255e-01 9.018593895233283364e-01 2.459880238284870013e-01 9.060108418367347483e-01
1.677577951311194915e-01 9.342991313795103725e-01 2.826040061348575883e-01 9.028350801791175106e-01 2.672519912677152054e-01 9.052933673469387710e-01
1.602756364175872972e-01 9.375818193393902211e-01 3.202297472852771443e-01 9.030093106172852879e-01 3.094422984108024521e-01 9.040497450196013363e-01
1.410873718015903944e-01 9.447447239917560191e-01 3.029116121894221969e-01 9.064869537191876381e-01 2.986731983303111404e-01 9.034996811224489388e-01
1.261748473302726214e-01 9.516770469881322692e-01 3.058000659033403568e-01 9.067169377359293181e-01 2.878904461252446145e-01 9.069674744897958663e-01
1.097610192305415178e-01 9.574713385018118750e-01 3.458095181543948127e-01 9.046331401598655120e-01 3.301477174521709190e-01 9.052136479591836871e-01
1.044818120362767389e-01 9.600399676030569873e-01 3.308029990580122481e-01 9.056088318259029046e-01 3.288723108719806554e-01 9.058753188167300019e-01
9.678910291978042035e-02 9.620457791934048375e-01 3.597751335572388354e-01 8.998313445155903256e-01 3.528401061740456535e-01 9.004703443877550839e-01
8.391862529853399977e-02 9.681822239917560191e-01 3.385017140436980543e-01 9.041104488453622912e-01 3.357757891395262151e-01 9.015465561224489388e-01
7.618398538851825497e-02 9.715120200693172503e-01 3.637424798335059384e-01 9.092328275664377513e-01 3.545915140029118895e-01 9.062500000000000000e-01
6.754941890274521188e-02 9.737236195237096714e-01 4.017286305710420780e-01 9.078668598401344880e-01 3.866352938799833550e-01 9.047353316326530726e-01
6.765210457880349582e-02 9.750723978028680294e-01 3.850866547327930767e-01 9.099785352157334639e-01 3.648056104323085247e-01 9.085299746722591552e-01
5.993773419763485238e-02 9.774873056550965611e-01 3.944025702648243925e-01 9.141391616756633365e-01 3.816879241138088630e-01 9.095264670191979262e-01
6.164514036155747945e-02 9.770534156012709026e-01 3.965485828407740443e-01 9.078668598401344880e-01 3.830587160678542435e-01 9.080835459183673741e-01
5.074207620681637360e-02 9.815931450711549155e-01 4.363693844968989932e-01 9.097694582858327772e-01 4.175307930124049216e-01 9.079958547134788782e-01
5.021825824340764299e-02 9.821063749981622237e-01 4.061575437248763354e-01 9.122365632299649363e-01 4.053071641116117729e-01 9.085140307338870347e-01
4.868923603169565684e-02 9.826766304726147760e-01 4.190728808358564206e-01 9.028699266708503091e-01 4.151258442398844672e-01 9.029416454081632404e-01
4.358779601446849394e-02 9.833956482636667662e-01 4.380025241081997311e-01 9.090167819443395469e-01 4.251062762638440073e-01 9.085538904277645766e-01
4.302149045070374767e-02 9.835320136842936600e-01 4.985870276972398929e-01 9.042916479757276971e-01 4.859466145993495689e-01 9.027662626942809521e-01
4.128827447969004444e-02 9.843526856742635944e-01 4.332926729220454853e-01 9.148012379468497546e-01 4.258293709052460296e-01 9.106823981416468650e-01
3.821603290355988364e-02 9.865667645948646980e-01 4.553075298919516123e-01 9.027514498112565455e-01 4.564852288791111379e-01 9.011080994897958663e-01
3.752834336954529587e-02 9.866337075720738037e-01 4.514992450506000177e-01 9.067657226223057032e-01 4.492886277029708997e-01 9.036910077747033476e-01
3.538812444728874074e-02 9.872386742682353056e-01 4.086071611460992958e-01 9.094976580749123407e-01 4.153486161815876931e-01 9.053810588559325634e-01
3.079158985089973030e-02 9.898494525547445466e-01 4.529287764581583220e-01 9.047376786248159108e-01 4.507762957744452237e-01 9.039779974489795533e-01
3.091835502337963310e-02 9.892568827545555887e-01 4.407009990033456948e-01 9.083965208570835559e-01 4.442003626300364272e-01 9.054129464285713969e-01
3.130821421756035255e-02 9.883444739954314606e-01 5.244361162185668945e-01 9.038525870290853304e-01 5.042857236551995248e-01 9.049266582849074814e-01
3.027877267993932253e-02 9.882874484479862165e-01 4.561161926742327566e-01 9.118811326511835347e-01 4.619673329348467083e-01 9.096779336734693855e-01
2.779898151796120903e-02 9.905337591240875872e-01 4.391354724007137666e-01 9.108218106172852879e-01 4.288106012937365485e-01 9.087531888971522864e-01
2.882240602005626748e-02 9.897354014598540584e-01 4.237829254845441596e-01 9.108218106172852879e-01 4.224082091253023030e-01 9.085538904277645766e-01
2.447572249891984131e-02 9.917312956204379359e-01 4.497205868868504597e-01 9.076438445155903256e-01 4.607875617791195033e-01 9.042171556122449161e-01
2.375345310896471995e-02 9.910593859470673284e-01 5.406675960047769847e-01 9.012460971282700850e-01 5.473892642375157713e-01 9.001753825922401697e-01
2.566021842113866067e-02 9.908883093047315960e-01 5.061686801708350503e-01 9.047794938087463379e-01 4.981449175702065690e-01 9.019770409379687104e-01
2.176159376152756939e-02 9.920858458010819447e-01 5.060527188293004741e-01 9.063684768595937635e-01 5.191775856121462196e-01 9.007413904277645766e-01
2.366589928508131338e-02 9.912750912408758719e-01 5.193714648485183716e-01 9.098949038376242804e-01 5.488852390221187205e-01 9.041613519799952536e-01
2.384036397357491843e-02 9.920734489051095117e-01 5.753459172733759175e-01 8.941374885833869302e-01 5.984109813461497840e-01 8.926259568151162505e-01
2.280437309689221578e-02 9.914808791049205539e-01 4.767805870811818170e-01 9.110517956442751863e-01 4.820453390783193126e-01 9.060905612244898322e-01
2.148555800230344398e-02 9.919370834844826179e-01 4.692631257792650445e-01 9.103757809784452926e-01 4.687521329947880178e-01 9.076530614069530101e-01
2.425161900124546757e-02 9.909453348521768401e-01 4.749848766852233228e-01 9.131634700096259438e-01 4.921756461262702942e-01 9.085140307338870347e-01
2.116944345842747960e-02 9.922222112217088386e-01 5.487952515230341000e-01 9.035459413366803139e-01 5.593789339217604129e-01 9.002232144073564202e-01
2.020586746571463241e-02 9.933280109489051046e-01 4.987162073790016859e-01 9.124107936681327136e-01 4.865119173666652141e-01 9.110730229591836871e-01
1.829597810971598376e-02 9.935114844872133810e-01 4.983290979417703825e-01 9.113026877581063001e-01 4.795617108822476937e-01 9.089604591836735192e-01
2.040449042216514394e-02 9.928271779178703405e-01 4.766091195456051977e-01 9.156793598401344880e-01 4.759036545090529202e-01 9.133848852040816757e-01
1.735059335831226277e-02 9.941263686131386335e-01 4.774945125741473784e-01 9.170035123825073242e-01 4.793175899860810385e-01 9.138233418367347483e-01
