5.086084887059065807e-01 7.444214137801288267e-01 3.297698295722573669e-01 8.617793826733605167e-01 3.295381526861871913e-01 8.612244898567393836e-01
3.492818695567820320e-01 8.493558594780247217e-01 2.736020883766271394e-01 8.906528767892869514e-01 2.685348835526680245e-01 8.891581634477693230e-01
3.073078966053732763e-01 8.710032531814854151e-01 2.556250191341012390e-01 9.017339429612887258e-01 2.529358963425062390e-01 8.994419644681774795e-01
2.768925812340130577e-01 8.858174986212793423e-01 2.387683697171130437e-01 9.058388158426446957e-01 2.354748223205002100e-01 9.029097578355244069e-01
2.574379522434986356e-01 8.945399279141947879e-01 2.409495033197483760e-01 9.102085192324751439e-01 2.379774547429109044e-01 9.069435587342904448e-01
2.385793152081705226e-01 9.029152454250920501e-01 2.340745959999197545e-01 9.108287803197311350e-01 2.261777776768621184e-01 9.101163903061224580e-01
2.141167024952651821e-01 9.159245082061656662e-01 2.306693392032283796e-01 9.127662242469141152e-01 2.285682381491880022e-01 9.095264670191979262e-01
1.926676339476648125e-01 9.236353540072476109e-01 2.700579416448787295e-01 9.004516056028463167e-01 2.591299065673837720e-01 9.017697703473421811e-01
1.803316028557554740e-01 9.296899794662085714e-01 2.505613845788826621e-01 9.054415700799327560e-01 2.462821682268867551e-01 9.043048471212387085e-01
1.615698475961702685e-01 9.366694105802660930e-01 2.590249971312991728e-01 9.099018735400701274e-01 2.558871084177980482e-01 9.081313777334836246e-01
1.423143619114030090e-01 9.447670383174924247e-01 2.641464188947516001e-01 9.138743311671887470e-01 2.663294428921475498e-01 9.094866073253203842e-01
1.298838347250962644e-01 9.500927285556375335e-01 2.689957141371096538e-01 9.104733497409497334e-01 2.717603695939998509e-01 9.058992348763407199e-01
1.165903342248749558e-01 9.557853658703991950e-01 2.960522989347829648e-01 9.118881023536293817e-01 3.104127886876159592e-01 9.064891581632652517e-01
1.053418014334501079e-01 9.601069105802660930e-01 3.421445759171146683e-01 9.055739853341701062e-01 3.537942006119659810e-01 8.982382015306122902e-01
9.773535953059683812e-02 9.634714178795361628e-01 3.434545597282506746e-01 9.020824038376242804e-01 3.569078550731040744e-01 8.952008929787850233e-01
8.749821458528511675e-02 9.659681450711549155e-01 3.275962921522431182e-01 9.098112734697633153e-01 3.227715256186772241e-01 9.098772321428570953e-01
7.499550711907392031e-02 9.704384520976212514e-01 3.484659772050582860e-01 9.041522640292927182e-01 3.662091593201063366e-01 8.971221301020407823e-01
7.590695666353197701e-02 9.717277253631257938e-01 3.420674156839564883e-01 9.138255462808123619e-01 3.516564959166001425e-01 9.112404338559325634e-01
6.779241526540177865e-02 9.748641304726147760e-01 3.570040084295353910e-01 9.143133921138311138e-01 3.628076464698022918e-01 9.074059311224489388e-01
6.616601861170391674e-02 9.751046295583682966e-01 3.508568509655483614e-01 9.059642624046843062e-01 3.739066835568875535e-01 8.977997448979592177e-01
5.895398103081397195e-02 9.784220287399570948e-01 3.754115223379458355e-01 9.084383360410140940e-01 3.901009678612558096e-01 9.037388392857143016e-01
5.665924201590301357e-02 9.782633489935937954e-01 3.736924963482355921e-01 9.077762597698276759e-01 3.679783172069155395e-01 9.035395408163264808e-01
4.992613155585135659e-02 9.804526341222498109e-01 3.756637868739791108e-01 9.111772411960666895e-01 3.817717670558058440e-01 9.080117986518509987e-01
4.914109282413103158e-02 9.814790939762644273e-01 3.745370600688255336e-01 9.092328275664377513e-01 3.806793217984389410e-01 9.070950256926673116e-01
4.856255402734135918e-02 9.815584338494460770e-01 4.112229402792655919e-01 9.058736623343774941e-01 4.191213609004507124e-01 9.024234693877550839e-01
4.551035622610662829e-02 9.831452317481493841e-01 4.380487915823015332e-01 9.041592327214903468e-01 4.682803932501345412e-01 8.948580996722591552e-01
3.832822169659890615e-02 9.858353499078402749e-01 4.104336868908445846e-01 9.105987963029893439e-01 4.200595818764092937e-01 9.055723852040816757e-01
4.055763321527599413e-02 9.851981514561785058e-01 4.092386544255887104e-01 9.078180759640063213e-01 4.140984339601531117e-01 9.043765943877550839e-01
3.936718038901904082e-02 9.858601436997852518e-01 3.957041832855192065e-01 9.126268403004791363e-01 3.970361081693245531e-01 9.085698343661366971e-01
4.060594691303524850e-02 9.850940177910518791e-01 3.934638799499657336e-01 9.071141834986411467e-01 3.956406031336103246e-01 9.019292091228523489e-01
3.500966651086444281e-02 9.871246231733447063e-01 4.013034289671202903e-01 9.106406114869198820e-01 4.107309500021593673e-01 9.110411353865448536e-01
3.545889989506915280e-02 9.875808275529067704e-01 4.184288422940141139e-01 9.087031665494886834e-01 4.219808539717781470e-01 9.048628828355244069e-01
3.425286022817077003e-02 9.872262773722627616e-01 4.339157327757043325e-01 9.065845224816920789e-01 4.317710720458809437e-01 9.050621813049122277e-01
2.885212648122904497e-02 9.897924270072993025e-01 4.305785785792237697e-01 9.108636268114639334e-01 4.341753386721319274e-01 9.080516583457285407e-01
2.750795646434663413e-02 9.900775547445255231e-01 4.387561933974088446e-01 9.131146861334978881e-01 4.482403899714046402e-01 9.058514030612244694e-01
3.149322201123964243e-02 9.883791852171404102e-01 4.282823265609094765e-01 9.123201946080741198e-01 4.475315325722402648e-01 9.079559950196013363e-01
2.877031115774255493e-02 9.897924270072993025e-01 3.915443112284450189e-01 9.087449827436673289e-01 4.077134990342417553e-01 9.010682397959183243e-01
2.764875240399617892e-02 9.900899516404980671e-01 4.135290775763786342e-01 9.170871437606165077e-01 4.261977434994614899e-01 9.102359693877550839e-01
2.641736539794526523e-02 9.911957513676942222e-01 4.184227916648832202e-01 9.141321919732174894e-01 4.195104106044282855e-01 9.079639668367347483e-01
2.573121231079890034e-02 9.907742582098411077e-01 4.307972372083340717e-01 9.132958852638632941e-01 4.274446828176780566e-01 9.101243624273611665e-01
2.319055888801813126e-02 9.914932760008929868e-01 4.391789267123755724e-01 9.168223132521419183e-01 4.459254300335840360e-01 9.115513392857143016e-01
2.342494698343322579e-02 9.918577436113009682e-01 4.411718863046775185e-01 9.111772411960666895e-01 4.510553868449463932e-01 9.094786352040816757e-01
2.263906646271773154e-02 9.922445255474452441e-01 4.382012029320506707e-01 9.134213318259029046e-01 4.587206108001422034e-01 9.072464923469387710e-01
2.316384549494017106e-02 9.913668280100300656e-01 4.661500355449773592e-01 9.109960420657012836e-01 5.023925766652944658e-01 9.050462373665401072e-01
2.123090665002292168e-02 9.925866788321168199e-01 4.397708541255886394e-01 9.105987963029893439e-01 4.496231638655370788e-01 9.055404976314428422e-01
2.352465047113543040e-02 9.917883211678831801e-01 4.291233943175461474e-01 9.177074038376242804e-01 4.599260852044942394e-01 9.111527423469387710e-01
2.337851265724068608e-02 9.921875000000000000e-01 4.710611711114139899e-01 9.043334631596581241e-01 5.094780959569069623e-01 8.984614157555054215e-01
1.955962825284414397e-02 9.925866788321168199e-01 4.557509619300648129e-01 9.166480818037259226e-01 4.680983525301729009e-01 9.120854592444945785e-01
1.856333771754518566e-02 9.938759520976212514e-01 4.398446453072257234e-01 9.151427301309876805e-01 4.617741870484790012e-01 9.119100765306122902e-01
1.933737141700515860e-02 9.924726277372263317e-01 5.249856127015615215e-01 8.995665140071157362e-01 5.759242574627302380e-01 8.898198343053156378e-01
