5.023736707920575251e-01 7.475305460665347956e-01 3.038583592338077177e-01 8.717523419250876593e-01 2.967491251777629735e-01 8.762675383869482637e-01
3.444550067838961227e-01 8.537790583868096750e-01 2.724978944002571790e-01 8.873773419250876593e-01 2.587577874715231152e-01 8.928571428571429047e-01
3.020093731419013494e-01 8.732619607535592188e-01 2.802979481422295249e-01 8.863668047775656866e-01 2.719831906867270499e-01 8.867904975706216719e-01
2.765362077820910369e-01 8.858249365848346324e-01 2.778665782031366493e-01 8.874191571090180863e-01 2.645424657634326548e-01 8.921396683673469274e-01
2.545084436662005678e-01 8.942225684214683001e-01 2.471604238627320704e-01 9.032253572496317107e-01 2.314311952463218025e-01 9.072146047742999375e-01
2.291065716612948056e-01 9.088533403229539509e-01 2.484075516714888132e-01 9.067099690437316895e-01 2.309592899543290168e-01 9.089205994897958663e-01
2.121356199801403275e-01 9.165641861240358956e-01 2.464999801526635281e-01 9.046819250462418971e-01 2.273063153712725215e-01 9.105548469387755306e-01
1.878643672722969671e-01 9.261345606650749351e-01 2.769303054122601582e-01 9.022566352860402761e-01 2.522560708909010185e-01 9.090401785714286031e-01
1.679932486510624934e-01 9.340462353977844190e-01 2.762121167981018699e-01 9.047725251165487093e-01 2.532622618790791869e-01 9.095982142857143016e-01
1.543135163884093164e-01 9.389628293740488463e-01 3.031675525135912874e-01 8.990786691843453138e-01 2.675752585791811855e-01 9.081632653061224580e-01
1.338809971174184377e-01 9.479381546486903565e-01 2.993174336724362394e-01 8.981447927022384592e-01 2.764257085794696867e-01 9.036431759595870972e-01
1.213813794736009477e-01 9.538911259087332617e-01 4.153388526480076837e-01 8.866734504699707031e-01 3.728736710487579598e-01 8.944435587951115041e-01
1.061287746105315927e-01 9.595936806532587848e-01 4.310495595810777125e-01 8.911755691140385016e-01 3.900363307674320490e-01 8.980787627551020114e-01
1.001150231862807799e-01 9.609970050136538156e-01 3.689520369141788825e-01 8.984165929131588957e-01 3.389105962551369755e-01 9.024075254493829634e-01
8.878104188853372380e-02 9.667441884096521498e-01 3.882903916350865514e-01 8.988556538598012624e-01 3.596747516825490876e-01 9.072146047742999375e-01
8.231154269110547983e-02 9.688888448868354653e-01 3.930869648012064177e-01 8.959425182665808896e-01 3.700531885712122215e-01 8.959183674685808896e-01
7.918155924790967748e-02 9.708376309297380713e-01 4.330177036887508102e-01 8.979775309562683105e-01 3.952410227181960001e-01 9.040975765306122902e-01
7.236114697680420815e-02 9.727194739954314606e-01 4.294950484724368023e-01 8.980193471504469560e-01 3.969727427679665133e-01 9.010682397959183243e-01
6.148097315381696043e-02 9.769170501806440088e-01 3.825519458722260180e-01 9.042428640995995304e-01 3.522569713163740679e-01 9.093510843053156378e-01
5.648148012938943030e-02 9.781716122244396017e-01 4.367942847942901663e-01 9.049049403707859485e-01 4.090658986598861291e-01 9.090481506926673116e-01
5.752123765185149229e-02 9.783079776450664955e-01 4.134750005047200250e-01 9.057900309562683105e-01 3.783341065353276744e-01 9.087611607142856984e-01
5.136184131957753640e-02 9.807600761852125482e-01 4.297981731972451702e-01 8.950643953630479377e-01 3.911157747616573199e-01 9.002630741012339621e-01
5.396912565767547632e-02 9.796319621322798765e-01 4.201994497897261205e-01 9.066751225519988910e-01 3.824948810269029886e-01 9.095663267130754681e-01
4.470922083791046414e-02 9.832468859470673284e-01 4.130245479991880297e-01 9.024796496003361090e-01 3.873977282901807651e-01 9.083306762028713344e-01
3.978544718035272737e-02 9.845584735383082764e-01 4.861291217601905190e-01 8.961237173969462955e-01 4.492363173286525457e-01 9.020647321428570953e-01
4.362995810738771324e-02 9.838171414215198807e-01 4.821391272342810952e-01 9.061036463511191741e-01 4.341364178274358943e-01 9.128667091836735192e-01
4.290816109341970275e-02 9.844890510948904883e-01 4.210214378722643702e-01 9.063615081673961349e-01 3.795630385224916248e-01 9.129942603865448536e-01
3.923294023970944067e-02 9.859494010027307631e-01 4.465746270903086512e-01 9.047307089223699528e-01 4.122872200167300716e-01 9.097576530612244694e-01
2.875873241675541703e-02 9.897477983558264913e-01 5.154389451115818366e-01 9.024378344164056820e-01 4.769470827007780134e-01 9.084901149783816132e-01
3.141044459754369772e-02 9.888006783749935247e-01 5.014047304452475817e-01 9.031486955739683742e-01 4.639968589252355113e-01 9.083227040816326259e-01
3.449888757844693510e-02 9.872609885939716001e-01 4.832194813732373362e-01 9.024308657242079423e-01 4.410924624879749567e-01 9.108338647959183243e-01
3.333059648208211434e-02 9.870328864041906236e-01 4.795090655906725785e-01 9.047655554141028622e-01 4.414952472612566070e-01 9.093112246114380959e-01
3.384307153645332161e-02 9.871692518248175174e-01 4.601801790423312166e-01 9.015945590148537470e-01 4.269913814733831137e-01 9.090242346330564827e-01
3.028349848770040334e-02 9.888353895967023632e-01 4.859313328387373510e-01 9.034901877581063001e-01 4.480137737581924573e-01 9.110331632653061451e-01
2.476373539020708392e-02 9.911387258202489781e-01 4.810685550762435203e-01 9.027375114166130698e-01 4.462796846898842706e-01 9.090800382653061451e-01
3.080411041563336019e-02 9.884486076605580873e-01 4.871233762320825722e-01 9.060478927725452714e-01 4.470553396991929218e-01 9.114556759595870972e-01
2.760654151861141256e-02 9.898271382290081410e-01 4.879847209332353053e-01 9.100273190918615196e-01 4.580714343761911334e-01 9.129942603865448536e-01
2.769962522493553056e-02 9.899411893238986293e-01 5.074354238429311659e-01 9.036226030123435393e-01 4.699675313064030080e-01 9.088647958575463148e-01
2.953657410345482057e-02 9.894502737226277267e-01 5.114232481031094624e-01 8.966951946080741198e-01 4.795318829769991131e-01 9.004544004493829634e-01
2.168045225757153638e-02 9.921875000000000000e-01 4.982455246529336468e-01 9.082153217267181500e-01 4.651312014582205667e-01 9.095184948979592177e-01
2.446056004566051975e-02 9.916519557472562862e-01 4.899645632101317649e-01 9.053021861334978881e-01 4.560511288214094683e-01 9.129862882653061451e-01
2.413227794272145357e-02 9.914585647791841483e-01 4.618741267565953379e-01 9.040616639589859060e-01 4.286879735561657800e-01 9.076849489795918435e-01
2.273808836080405682e-02 9.917312956204379359e-01 5.356514272043260139e-01 9.068911691843453138e-01 5.006929402600746037e-01 9.131855867346938549e-01
2.341151314389884955e-02 9.918453467153284242e-01 4.749419701806569249e-01 9.051209859928842638e-01 4.476819064240066259e-01 9.081313777334836246e-01
1.699584297050660622e-02 9.941610798348475830e-01 5.287526487293889854e-01 9.054346013877351274e-01 5.018597680847255438e-01 9.107621175294019489e-01
2.247841291071806316e-02 9.917089812947015304e-01 5.206110083450705694e-01 8.985071919732174894e-01 4.890324407238132998e-01 9.042968750000000000e-01
1.886463435927582602e-02 9.930205688859424784e-01 4.933041859481294145e-01 9.073790140071157362e-01 4.508873798637365593e-01 9.098373724489795533e-01
1.790065151115838651e-02 9.934197477180591873e-01 6.005833901591219881e-01 8.994759149470571424e-01 5.721835340468250930e-01 9.020647321428570953e-01
1.769271961338546306e-02 9.930205688859424784e-01 5.804306925353357460e-01 8.947507809784452926e-01 5.539055363636236073e-01 8.976562500608210593e-01
1.842906843933759392e-02 9.932486710757234549e-01 5.171455646217879565e-01 9.067099690437316895e-01 4.818286772589294165e-01 9.111128826530612290e-01
