3.410050821304321245e-01 9.133271026611328169e-01
1.735800750553607164e-01 9.537979531288148793e-01
1.291584764420986020e-01 9.640000349283218695e-01
1.052440837770700632e-01 9.694979399442672507e-01
9.805715352296826004e-02 9.710000252723693936e-01
8.843794614076613825e-02 9.730687743425368019e-01
8.341696809977294791e-02 9.745583635568618730e-01
8.022662147879600081e-02 9.751541894674295996e-01
7.927153516560794810e-02 9.752708566188815764e-01
7.780296571552752782e-02 9.753958570957182994e-01
7.225627925246952410e-02 9.772208523750304243e-01
6.842539355158805403e-02 9.783875203132628151e-01
6.716219279915096319e-02 9.784395986795422218e-01
6.872296229004863644e-02 9.777812707424162753e-01
6.714358553290368514e-02 9.783458530902859884e-01
7.028017662465574356e-02 9.772291857004163917e-01
6.780496217310429119e-02 9.785333514213563344e-01
6.132020961493252209e-02 9.805562680959699629e-01
6.391911268234248822e-02 9.789687675237656039e-01
6.207354243844746128e-02 9.797312712669373758e-01
6.353995714336634071e-02 9.795583492517474511e-01
6.027014654129743410e-02 9.804083490371702236e-01
5.964363988488911167e-02 9.805583506822586060e-01
6.109524518251419761e-02 9.801062673330310782e-01
5.836849696934222342e-02 9.809312659502033016e-01
5.796042244881393496e-02 9.809208500385285801e-01
6.036883369088172357e-02 9.802396035194399504e-01
5.791464459151027949e-02 9.809229379892348000e-01
5.788469165563583235e-02 9.814270943403241576e-01
5.736305387690662783e-02 9.814000135660168045e-01
5.874544542282821719e-02 9.806896001100541271e-01
5.862890332937240739e-02 9.807770997285841785e-01
6.258143145591019141e-02 9.793062698841094038e-01
5.698822438716889816e-02 9.813125222921370572e-01
5.767625208944083398e-02 9.809500199556350220e-01
5.716747622936961537e-02 9.812312686443327436e-01
5.722177803516388661e-02 9.811833482980727439e-01
5.295454002916812064e-02 9.828583461046220826e-01
5.609618589282035217e-02 9.815958487987517245e-01
5.392291374504566692e-02 9.823125165700916650e-01
5.330065723508596587e-02 9.823396003246308572e-01
5.659473970532415826e-02 9.815041840076446089e-01
5.556510306894779649e-02 9.817291867733001220e-01
5.251094628125427960e-02 9.827958482503891258e-01
5.487402183935047306e-02 9.819875168800350496e-01
5.463361080735921332e-02 9.820104318857195702e-01
5.539908062666654143e-02 9.818146002292631458e-01
5.285038989037274537e-02 9.825791865587235607e-01
5.326749831438064298e-02 9.825291818380355036e-01
5.524862714111804934e-02 9.817125189304352073e-01
5.393544476479291555e-02 9.821521013975144099e-01
5.347953755408523663e-02 9.822375202178957876e-01
5.811039537191393933e-02 9.806604391336438686e-01
5.258946539834142425e-02 9.825500172376633312e-01
5.870228048413992511e-02 9.807375186681743795e-01
5.095155015587806563e-02 9.829979324340818447e-01
5.138915561139582866e-02 9.829583460092543579e-01
5.393683914095162568e-02 9.821666795015332463e-01
5.094468556344507876e-02 9.832333528995514937e-01
4.974747192114590405e-02 9.834291815757751909e-01
5.012578211724758037e-02 9.835020965337754051e-01
5.064312767237424268e-02 9.831583541631699896e-01
4.868841607123613330e-02 9.840708482265472234e-01
5.364664938300849062e-02 9.820375156402585404e-01
5.060996979475020086e-02 9.833291804790493806e-01
4.994716659188269681e-02 9.832708472013474976e-01
5.496307922527196577e-02 9.816416847705839999e-01
4.945939164608717520e-02 9.836521011590958485e-01
5.032302509993315243e-02 9.832770985364914784e-01
4.999735081568362077e-02 9.833333486318588390e-01
4.987799340859056657e-02 9.832229340076444890e-01
4.904783939942717469e-02 9.839833503961561423e-01
5.031136101111768899e-02 9.835708475112917570e-01
5.409671185538171556e-02 9.819145995378492087e-01
4.900712594389913107e-02 9.838021010160445945e-01
5.124600578099487019e-02 9.830208534002305987e-01
5.081696629524232178e-02 9.833708536624907737e-01
5.131034299731257464e-02 9.827854317426679698e-01
5.210010629147292932e-02 9.823354327678678333e-01
4.791471015661952909e-02 9.840458494424821900e-01
5.176616631448267836e-02 9.827062624692916026e-01
5.208421137183903704e-02 9.824645972251891957e-01
4.861798619851471354e-02 9.836500191688538619e-01
5.162243682891131530e-02 9.830562651157378484e-01
4.945175321772692784e-02 9.837583488225936090e-01
5.057430472224951068e-02 9.831083458662033259e-01
4.798399310559034459e-02 9.841708511114123370e-01
4.943652279675009309e-02 9.832208472490310269e-01
4.846404038369654665e-02 9.840229320526124868e-01
4.997201507911085833e-02 9.833437663316727528e-01
4.809578882530333305e-02 9.841583490371706988e-01
4.887663142755626494e-02 9.837354332208632091e-01
4.684902723878621444e-02 9.844583475589752108e-01
4.916314935311674045e-02 9.837645971775056397e-01
4.798117872327568173e-02 9.839500230550766169e-01
5.044365135952829510e-02 9.832750165462493808e-01
4.803508322685956511e-02 9.840333437919615012e-01
5.043827798217535852e-02 9.832250118255614346e-01
5.080174826085569889e-02 9.831229311227799306e-01
4.998306680470704366e-02 9.832833439111710039e-01
4.582147184759378933e-02 9.846625113487244008e-01
4.728145571425556443e-02 9.839791804552076027e-01
4.997311554849147991e-02 9.832708477973937100e-01
5.231440681964159151e-02 9.824625152349475421e-01
4.685284189879893035e-02 9.843479329347607498e-01
4.822091920301319057e-02 9.839166826009748679e-01
4.771744422614574571e-02 9.839687621593478095e-01
4.758584044873714891e-02 9.841145962476728348e-01
4.757894864305853289e-02 9.840291821956635987e-01
4.418353723362087454e-02 9.854833483695984997e-01
4.708741286769511231e-02 9.843250209093091785e-01
4.804690267890691230e-02 9.839687621593473654e-01
4.638752007856965925e-02 9.846812647581101308e-01
4.672549869865179339e-02 9.843895965814588589e-01
4.858323566615577876e-02 9.837104320526124379e-01
4.768062748014927771e-02 9.838729339838030441e-01
4.672191184014081594e-02 9.842208445072178069e-01
4.794029958546164316e-02 9.838312596082687822e-01
4.565180176869033934e-02 9.848437613248824940e-01
4.766754314303397327e-02 9.839520955085750975e-01
4.839082408696412235e-02 9.836583477258685759e-01
4.645888147875666674e-02 9.846458488702771739e-01
4.737461103126404394e-02 9.840771019458774971e-01
4.773172846063970104e-02 9.842520999908445090e-01
4.641804629936814586e-02 9.846812671422958685e-01
4.613654784858226693e-02 9.847937661409374988e-01
4.522947225719688852e-02 9.848604309558869341e-01
4.680449279025196418e-02 9.843791806697844704e-01
4.787099797278643321e-02 9.840375143289563642e-01
4.522917486727237590e-02 9.848125112056731467e-01
4.758038958534597379e-02 9.841708463430403064e-01
4.647632138803602792e-02 9.843666797876357011e-01
4.524189110845327350e-02 9.849729311466215442e-01
4.579718507826330970e-02 9.845041811466218595e-01
4.469521179795265392e-02 9.849916785955428189e-01
4.738969432190061337e-02 9.841000157594681497e-01
4.730531807988881676e-02 9.839979308843613826e-01
4.470863692462443556e-02 9.851562643051147150e-01
4.748137377202509002e-02 9.841687685251235829e-01
4.722192127257585775e-02 9.840750139951708331e-01
4.165837567299605221e-02 9.863479304313659268e-01
4.615176141262053444e-02 9.846395945549014650e-01
4.501239923760293887e-02 9.849479299783705510e-01
4.603359773755074519e-02 9.846604329347611317e-01
4.624865721911193550e-02 9.846375113725661654e-01
4.611424932256342341e-02 9.845916807651517999e-01
4.726458415389061390e-02 9.839937627315519242e-01
4.821725210174918064e-02 9.838896006345752010e-01
4.547431137412787094e-02 9.848750126361847101e-01
4.453783538192510744e-02 9.850187653303142943e-01
4.432138469070194542e-02 9.850500130653380149e-01
4.627967990934848258e-02 9.846291822195051280e-01
4.586559098213911778e-02 9.848583489656447254e-01
4.676951998844743053e-02 9.842770946025850565e-01
4.564012993127106871e-02 9.843395966291426102e-01
4.439556324854491975e-02 9.851604300737382136e-01
4.394621860235929656e-02 9.851687633991242921e-01
4.447726124897598970e-02 9.850250142812727594e-01
4.519131623208520049e-02 9.847166764736177136e-01
4.463118698447943178e-02 9.851479315757747379e-01
4.400710780173539005e-02 9.852083462476729503e-01
4.472823416814208919e-02 9.848750114440921744e-01
4.468400998041031913e-02 9.849104309082027386e-01
4.413010759279131084e-02 9.855250149965290030e-01
4.503301700577139882e-02 9.848437660932541915e-01
4.666440192610024629e-02 9.840291804075238513e-01
4.650516083464026340e-02 9.840604317188259564e-01
4.498539021238684432e-02 9.849062633514404919e-01
4.420544210821390069e-02 9.850062698125837679e-01
4.461583275347947436e-02 9.852083432674410002e-01
4.616400577127936777e-02 9.843500155210495040e-01
4.524348592385649820e-02 9.847479307651519909e-01
4.637102646753193946e-02 9.843979281187055230e-01
4.387499997392296097e-02 9.853208470344544390e-01
4.620506968349217397e-02 9.845500212907791759e-01
4.318613022565840481e-02 9.853541779518130150e-01
4.449464829638602459e-02 9.848250174522397149e-01
4.313529284670951369e-02 9.853291827440262551e-01
4.290930869057772712e-02 9.856375122070313299e-01
4.256466006860137180e-02 9.858750116825103493e-01
4.576511753723024045e-02 9.843791812658313489e-01
4.382449239492414855e-02 9.853854340314863736e-01
4.453193303197622299e-02 9.849916797876357988e-01
4.489908562973143197e-02 9.850604289770128474e-01
4.609736613929271004e-02 9.843583500385285623e-01
4.493950543925168128e-02 9.847916829586028653e-01
4.485565375536679916e-02 9.846541774272918879e-01
4.476645395159722929e-02 9.847729271650312866e-01
4.359389627352357188e-02 9.854770982265468326e-01
4.769996456801890716e-02 9.839770996570587069e-01
4.328834040090442231e-02 9.856250095367432573e-01
4.464446863159537982e-02 9.849145966768262372e-01
4.294423861429095407e-02 9.855791825056076094e-01
4.577908340841531365e-02 9.845437657833100431e-01
4.559101037681104196e-02 9.847458475828173574e-01
4.295456234365700732e-02 9.856312590837479348e-01
4.295462381094693888e-02 9.855375105142594183e-01
4.381295192986726234e-02 9.851270967721937888e-01
4.579269809648393863e-02 9.848000150918960749e-01
4.426320679485797743e-02 9.851375132799150558e-01
