7.443891644477841352e-01 7.844146007299421797e-01
4.613478207588196933e-01 8.645083504915238581e-01
3.945983466506005621e-01 8.809708458185194768e-01
3.382300767302514055e-01 8.974729305505751986e-01
3.154218767583371608e-01 9.038354355096818171e-01
2.905651991069316820e-01 9.101062703132631881e-01
2.885413435101508717e-01 9.106958568096160667e-01
2.646149028837682105e-01 9.183666938543321168e-01
2.594586104154585904e-01 9.197854429483410810e-01
2.590803116559983188e-01 9.197687798738478637e-01
2.498776170611380909e-01 9.216979420185088534e-01
2.452287083864212180e-01 9.239833658933638283e-01
2.334636411070823703e-01 9.274250328540802890e-01
2.303250356018543554e-01 9.282333666086199919e-01
2.335358069837092931e-01 9.278125262260437101e-01
2.303701870143413377e-01 9.282312822341919345e-01
2.252810211479663871e-01 9.296250295639035821e-01
2.242453660070896637e-01 9.300625336170195157e-01
2.207499784231186091e-01 9.314521175622939575e-01
2.226377874612807950e-01 9.311312794685364658e-01
2.126177242398261946e-01 9.337937790155410589e-01
2.109936374425888939e-01 9.340646189451220494e-01
2.072015278041362263e-01 9.355042016506197600e-01
2.183617253601551067e-01 9.320083582401273992e-01
2.071044525504112110e-01 9.348500317335127763e-01
2.090139952301978687e-01 9.341167014837266080e-01
2.038216157257556893e-01 9.366750347614287708e-01
2.047399356961250028e-01 9.360750359296797773e-01
2.032309539616107830e-01 9.361521238088605923e-01
1.974104267358780251e-01 9.381896209716799051e-01
1.993029601871967038e-01 9.378958684206009089e-01
1.959731890261173504e-01 9.384958696365357511e-01
1.928928805887699383e-01 9.397229504585268289e-01
1.900546981394291568e-01 9.403250366449356079e-01
1.952991513907908483e-01 9.391583681106571158e-01
1.952525271475315516e-01 9.388333678245547320e-01
1.957462622225284443e-01 9.388812851905823376e-01
1.931862980127334040e-01 9.395000326633453636e-01
1.869734674692153931e-01 9.413250380754473179e-01
1.893697255849838279e-01 9.403187823295591219e-01
1.898446157574653625e-01 9.412333673238755249e-01
1.914430774748325792e-01 9.406104528903960205e-01
1.873499579727649911e-01 9.413458722829819436e-01
1.809173544496297803e-01 9.435333716869355181e-01
1.838681897521018960e-01 9.425625371932982999e-01
1.900158418715000019e-01 9.406354475021366790e-01
1.892078492045402294e-01 9.407625412940975318e-01
1.866391453146934165e-01 9.426083683967593219e-01
1.836561642587185572e-01 9.426229494810106635e-01
1.875078116357326852e-01 9.411375302076342431e-01
1.868557901680470146e-01 9.417771208286283002e-01
1.820327571034432712e-01 9.428771197795868808e-01
1.835008579492569125e-01 9.427604544162750955e-01
1.785154658555983820e-01 9.437083679437640038e-01
1.811988505721092435e-01 9.436333721876142278e-01
1.803889922797679846e-01 9.433625334501266613e-01
1.791173014044761536e-01 9.442521172761915160e-01
1.805078236758708987e-01 9.435083717107773937e-01
1.787469828128815108e-01 9.439812868833541426e-01
1.776004970818757800e-01 9.443500399589539462e-01
1.764949782937765277e-01 9.445229548215864357e-01
1.765222012996674195e-01 9.447479563951493020e-01
1.831292173266411694e-01 9.425750350952145640e-01
1.832852512598038275e-01 9.427458697557450362e-01
1.809645010530947784e-01 9.432729524374009467e-01
1.790872403979301419e-01 9.437604540586470581e-01
1.728896693140268837e-01 9.457187885046004494e-01
1.781082879006862241e-01 9.442375355958939620e-01
1.767549356818198802e-01 9.447687846422194724e-01
1.734696609526872324e-01 9.457062876224519021e-01
1.758285032212734689e-01 9.453687840700145673e-01
1.738329453766346566e-01 9.452312833070756204e-01
1.702042298018932032e-01 9.469021135568620462e-01
1.677401599287986766e-01 9.473750370740892102e-01
1.734329190850258384e-01 9.461479532718661822e-01
1.727279982715844708e-01 9.457021182775497969e-01
1.709082324802875530e-01 9.469854521751404075e-01
1.707975459098815540e-01 9.460687863826754418e-01
1.679753960669041757e-01 9.472917050123216276e-01
1.702512510865927253e-01 9.465333688259122136e-01
1.716312761604786019e-01 9.465521162748335993e-01
1.676575048267840984e-01 9.472812891006471281e-01
1.690214759111404452e-01 9.466542053222655184e-01
1.654076812416314657e-01 9.483729535341265393e-01
1.689285267144441383e-01 9.471042025089266847e-01
1.666545069962740711e-01 9.475354528427122336e-01
1.723122999072075057e-01 9.463146185874939942e-01
1.690914155542850295e-01 9.469375336170198221e-01
1.632340275496244608e-01 9.493625366687772349e-01
1.669687334448099469e-01 9.479812896251677001e-01
1.683368564397096090e-01 9.471333700418470558e-01
1.636408864706754562e-01 9.486104542016984276e-01
1.683583740890026437e-01 9.472125327587127552e-01
1.669351007789373897e-01 9.475937849283219139e-01
1.688344863057136269e-01 9.470687866210936168e-01
1.669038904458285122e-01 9.479229527711868775e-01
1.652840562164783200e-01 9.478417062759401102e-01
1.605267887562513429e-01 9.494542038440700882e-01
1.670231577754021368e-01 9.474833673238753917e-01
1.652315070480107895e-01 9.488771224021912420e-01
1.654639855772256918e-01 9.479375368356702802e-01
1.653624022006987826e-01 9.479791992902754094e-01
1.625854215025901162e-01 9.487042039632799240e-01
1.683400112390518177e-01 9.464687865972516434e-01
1.656209903210401346e-01 9.481521201133732424e-01
1.637593572586775181e-01 9.481541973352433095e-01
1.654409593343734719e-01 9.482687824964524115e-01
1.641258450597524732e-01 9.482625365257261185e-01
1.692179945856332746e-01 9.465750354528428279e-01
1.657277611643076798e-01 9.483208692073824553e-01
1.616850290447473248e-01 9.494937789440154319e-01
1.640295632928609471e-01 9.483708697557449163e-01
1.663731982558965816e-01 9.473667043447494551e-01
1.632048776000737667e-01 9.486521190404891835e-01
1.628667677938937519e-01 9.489083647727966087e-01
1.613832479715347212e-01 9.492958706617354858e-01
1.632669569551943867e-01 9.486000353097916449e-01
1.672992187738417402e-01 9.473375356197354380e-01
1.627186557650565912e-01 9.491229516267777333e-01
1.653133118897675558e-01 9.476854568719864647e-01
1.612476512789726146e-01 9.493312871456148772e-01
1.590139256417752445e-01 9.495437872409818736e-01
1.610623977333306978e-01 9.492812895774840332e-01
1.632701817154885160e-01 9.483354526758189795e-01
1.617289241403341293e-01 9.492333686351779320e-01
1.644020725041627773e-01 9.487958723306655351e-01
1.638163818418980067e-01 9.484292066097261831e-01
1.590418698638677297e-01 9.499958705902102896e-01
1.556897579878568083e-01 9.511125338077548452e-01
1.632648301124573487e-01 9.493854510784148770e-01
1.618954467773436878e-01 9.492271184921262650e-01
1.583902223408221732e-01 9.503312855958936378e-01
1.642978139966725926e-01 9.487833726406095236e-01
1.586540827900170814e-01 9.497187888622284913e-01
1.606101787090301325e-01 9.493146169185638916e-01
1.562450587749481534e-01 9.506458693742748656e-01
1.587842860072850859e-01 9.501271152496336692e-01
1.589199440926313267e-01 9.500146186351776656e-01
1.596777269989251569e-01 9.493521183729172197e-01
1.613400565087795557e-01 9.497583723068239170e-01
1.610459354519844233e-01 9.491708672046661466e-01
1.638311049342155434e-01 9.487500369548799162e-01
1.612164588272571308e-01 9.489521193504334429e-01
1.578682668507099263e-01 9.504917037487032871e-01
1.616685516387224020e-01 9.492229562997820391e-01
1.545366526395082485e-01 9.510896146297455056e-01
1.599111866205930876e-01 9.498396176099778154e-01
1.571671259403228937e-01 9.502437889575959806e-01
1.563999540358782248e-01 9.509833735227586349e-01
1.580393567681312728e-01 9.502187877893445433e-01
1.579178571701050637e-01 9.505750375986101730e-01
1.575325034558772708e-01 9.505625408887860006e-01
1.580977755039929544e-01 9.503271204233165736e-01
1.568794418871403140e-01 9.509875279664988801e-01
1.582380227744579482e-01 9.506104511022569481e-01
1.580773841589689366e-01 9.502625352144242754e-01
1.591808982938528461e-01 9.503000330924988859e-01
1.552451000362634892e-01 9.511291998624799016e-01
1.591099932044744980e-01 9.499875354766847968e-01
1.619604064524173825e-01 9.491542035341264949e-01
1.574270636588334382e-01 9.505833703279494840e-01
1.575788426399230835e-01 9.506979525089266359e-01
1.613380218297241764e-01 9.494708693027497093e-01
1.560571799427271367e-01 9.509083682298662410e-01
1.538946641236543789e-01 9.516854518651960415e-01
1.508274676650762369e-01 9.528062885999678544e-01
1.585309810936451069e-01 9.498042047023772527e-01
1.550846870988607518e-01 9.512250399589536887e-01
1.551615910977125756e-01 9.514667040109633378e-01
1.609655773639678267e-01 9.492021197080610095e-01
1.546957886964082929e-01 9.513812851905818491e-01
1.554298916459083135e-01 9.511333662271499456e-01
1.597782659530639915e-01 9.497458684444428645e-01
1.557762090861797843e-01 9.507708668708800825e-01
1.564353901147842729e-01 9.507875376939771694e-01
1.568305830657482081e-01 9.508104532957076804e-01
1.579809255897997866e-01 9.502146220207213778e-01
1.554632944613695555e-01 9.510917043685911398e-01
1.582918341457843492e-01 9.502979516983032227e-01
1.539069284498691959e-01 9.515125346183774813e-01
1.541756062954663942e-01 9.515812814235689032e-01
1.534926180541515695e-01 9.518687891960143643e-01
1.602569995820522231e-01 9.495396196842190717e-01
1.594568254798650331e-01 9.497146153450013450e-01
1.600831983238458767e-01 9.500375348329543890e-01
1.575396662950516447e-01 9.503562891483308128e-01
1.528070776164532074e-01 9.515604537725446121e-01
1.577900838106869874e-01 9.502083688974380937e-01
1.552428937703370926e-01 9.514229500293733821e-01
1.579228110611438640e-01 9.509875375032423861e-01
1.538855718076229395e-01 9.512437856197356600e-01
1.527056541293858871e-01 9.517479479312895840e-01
1.600376153737306240e-01 9.499667030572889193e-01
1.576735381036996619e-01 9.511875337362292182e-01
1.506903737783431840e-01 9.527604556083679732e-01
1.525268507003782747e-01 9.519354534149169211e-01
1.561209239065645682e-01 9.505250382423402478e-01
1.607182262837886788e-01 9.496604502201081432e-01
1.545193455368280289e-01 9.512146133184437025e-01
1.519534325599670999e-01 9.514854526519775924e-01
