2.587744888663291998e-01 9.250250399112703859e-01
1.499578317999839538e-01 9.547250378131869608e-01
1.035187400132417668e-01 9.710083597898484520e-01
8.626820571720600350e-02 9.748083567619323375e-01
6.931086536496879058e-02 9.798750191926957065e-01
5.837364185601470745e-02 9.832416826486586325e-01
5.206270111724736055e-02 9.849916809797288897e-01
4.622735330834985140e-02 9.867083460092545000e-01
4.548641016706824608e-02 9.863666796684262827e-01
3.780817953869699405e-02 9.889500105381011652e-01
3.359167610295118317e-02 9.905750089883805787e-01
4.033024635165930599e-02 9.877083450555801392e-01
3.718885086476801660e-02 9.891166770458221791e-01
3.160733722150325248e-02 9.907583421468734164e-01
2.976179992780089018e-02 9.911666750907895951e-01
3.128439062274991633e-02 9.901833426952360018e-01
2.459985534660517892e-02 9.926833403110503218e-01
3.785209932364522883e-02 9.877250117063521850e-01
2.767946442589163183e-02 9.917500078678130881e-01
3.049041157588363790e-02 9.906250089406963832e-01
2.568675855174660724e-02 9.922500073909761298e-01
2.425436867401003366e-02 9.928000068664550870e-01
2.770767960697412269e-02 9.913666749000549228e-01
2.289461646229029937e-02 9.931833398342131414e-01
2.323936770670115975e-02 9.927833402156831522e-01
2.277458093594760327e-02 9.931833398342132524e-01
2.290701193269342045e-02 9.929583400487900224e-01
2.193578050006180988e-02 9.932583397626876254e-01
2.687600276432931812e-02 9.915583413839339499e-01
2.142348167486488736e-02 9.932666730880734818e-01
2.206170895602552889e-02 9.930000066757201926e-01
2.068548386450856647e-02 9.938166725635529941e-01
2.235504514072091109e-02 9.931500065326692717e-01
2.162968480028211807e-02 9.933083397150043181e-01
2.002074544783681576e-02 9.939000058174135566e-01
2.353619915898888873e-02 9.925166738033293079e-01
1.941290014889091031e-02 9.939750057458878185e-01
2.260928604286164059e-02 9.927916729450225741e-01
2.036671695765107648e-02 9.937416726350788432e-01
2.079103366006166548e-02 9.935583394765853393e-01
1.869688975159078739e-02 9.941833388805390026e-01
1.920681609306484905e-02 9.940916723012928058e-01
2.397484963759780041e-02 9.920916742086411944e-01
1.829017151612788092e-02 9.943250054121016701e-01
1.876017273403703112e-02 9.941083389520646296e-01
2.257695802021771059e-02 9.926583403348924195e-01
1.915626906789839878e-02 9.939333391189573153e-01
1.654453569557517989e-02 9.948833382129671499e-01
1.798707572277636821e-02 9.944000053405762651e-01
1.730207850458100050e-02 9.945583385229113116e-01
1.868813767097889794e-02 9.942666721343994540e-01
1.789997481741011434e-02 9.940583389997482699e-01
1.871395727619529561e-02 9.941000056266784402e-01
1.657836691709235408e-02 9.948916715383528953e-01
1.716816652100532428e-02 9.946416717767716520e-01
1.731243777787312699e-02 9.947500050067903388e-01
2.021955553907901076e-02 9.933750063180921686e-01
1.864754809532315552e-02 9.938666725158693538e-01
1.635687721893191310e-02 9.945083385705948409e-01
1.669570082798599656e-02 9.949750047922136797e-01
1.611626388505101037e-02 9.950416713953016412e-01
1.582136899698525015e-02 9.950500047206880527e-01
1.587131715379655125e-02 9.949750047922137908e-01
1.798532206565141289e-02 9.943333387374876375e-01
1.410632234066724888e-02 9.956833374500273504e-01
1.631050780415535181e-02 9.949500048160551113e-01
1.640429531922564521e-02 9.946750050783157437e-01
1.612184644676744813e-02 9.947500050067900057e-01
1.543214541859924856e-02 9.951666712760927069e-01
1.520201784092932960e-02 9.950000047683714710e-01
1.430584249552339232e-02 9.954000043869015713e-01
1.589184997603296234e-02 9.948416715860367576e-01
1.542841466609388458e-02 9.950166714191435169e-01
1.643935465021058653e-02 9.945333385467530762e-01
1.419055132195353244e-02 9.956000041961668989e-01
1.665861628483981255e-02 9.945250052213667757e-01
1.439931313740089834e-02 9.955000042915345126e-01
1.535245940787717013e-02 9.949166715145110196e-01
1.399392093997448190e-02 9.956416708230975132e-01
1.341106263455003542e-02 9.954833376407621337e-01
1.714722187956795041e-02 9.942833387851716109e-01
1.606794334948062966e-02 9.947750049829482411e-01
1.532944009406492572e-02 9.950250047445299284e-01
1.332965075038373276e-02 9.958583372831343317e-01
1.503865023609250555e-02 9.949750047922136797e-01
1.662694833241402589e-02 9.944833385944364945e-01
1.403370469110086158e-02 9.954583376646041204e-01
1.280312867136672306e-02 9.958750039339065996e-01
1.361482777865603497e-02 9.955333375930786044e-01
1.510990746552124016e-02 9.950166714191436279e-01
1.470805248711258735e-02 9.948666715621948820e-01
1.498874350218102128e-02 9.949416714906691439e-01
1.569046917837112892e-02 9.947833383083343195e-01
1.477867160690948117e-02 9.953083378076555965e-01
1.362485693767666491e-02 9.955500042438505393e-01
1.410023726988583574e-02 9.956833374500277944e-01
1.377293582889250849e-02 9.957500040531160890e-01
1.620258165989071908e-02 9.945750051736832464e-01
1.276616668328643331e-02 9.955500042438507613e-01
1.280716150766238876e-02 9.960583370923994373e-01
1.333826801506802703e-02 9.955916708707809315e-01
1.326282507739961342e-02 9.955833375453949641e-01
1.447303904453292774e-02 9.953000044822691850e-01
1.278518680483102694e-02 9.959833371639251753e-01
1.301392390625551003e-02 9.955666708946226962e-01
1.467002714984118675e-02 9.951083379983902688e-01
1.338890620972960945e-02 9.958666706085205211e-01
1.322955234209075882e-02 9.956333374977111017e-01
1.286887160735204587e-02 9.957666707038878018e-01
1.305897896876558051e-02 9.954000043869020153e-01
1.276349914260208399e-02 9.959750038385387638e-01
1.616486947052181780e-02 9.944250053167346115e-01
1.312782354303635921e-02 9.957083374261854747e-01
1.355316663859411873e-02 9.953166711330413419e-01
1.332587836310267400e-02 9.956166708469391669e-01
1.347910761367529520e-02 9.954083371162413263e-01
1.330829145386815127e-02 9.955833369493484186e-01
1.248806980904191427e-02 9.960333371162413130e-01
1.334120018873364427e-02 9.958166706562038284e-01
1.304131911601871287e-02 9.958750039339067106e-01
1.364406884415075502e-02 9.957166707515715531e-01
1.379031939199194465e-02 9.953916710615158259e-01
1.351842782925814258e-02 9.953083378076550414e-01
1.377499267691746458e-02 9.954666709899904209e-01
1.364396406104788351e-02 9.954083377122878717e-01
1.171059081563726074e-02 9.961500036716463002e-01
1.250529000069945836e-02 9.958916705846784234e-01
1.435755204642191404e-02 9.952916711568831065e-01
1.331181142013519725e-02 9.956750041246413829e-01
1.211659854161553120e-02 9.960500037670136919e-01
1.056320706848055263e-02 9.965416699647902110e-01
1.272778113139793818e-02 9.957666707038876908e-01
1.229651211295276596e-02 9.960666704177854047e-01
1.352493533398956525e-02 9.952083379030232102e-01
1.298938435502350157e-02 9.955250042676926370e-01
1.277554231230169229e-02 9.954583376646043424e-01
1.308829712215811049e-02 9.954916709661481011e-01
1.269006334245205078e-02 9.960500037670135809e-01
1.341095176525414559e-02 9.954083377122880938e-01
1.186269254540093208e-02 9.961500036716459672e-01
1.211629520170390793e-02 9.960916703939436401e-01
1.181488440837710763e-02 9.960083371400832997e-01
1.345554374624043613e-02 9.956166708469389448e-01
1.153996505308896477e-02 9.961833369731906140e-01
1.315103645669296606e-02 9.952500045299531584e-01
1.098079968593083586e-02 9.963833367824552756e-01
1.276762854540720339e-02 9.957416707277298995e-01
1.241313317092135847e-02 9.959750038385393189e-01
1.194667901610955638e-02 9.960750037431715942e-01
9.376163836568597240e-03 9.970833361148833118e-01
1.290300776134245542e-02 9.956833374500276834e-01
1.311748074134812259e-02 9.952666711807252042e-01
1.238020009128377313e-02 9.959333372116090377e-01
1.208260813262313459e-02 9.958500039577484753e-01
1.144873000215739477e-02 9.962500035762787975e-01
1.139045916730537650e-02 9.962250036001206732e-01
1.224781678523868302e-02 9.955750042200088856e-01
1.044530834304169264e-02 9.965666699409485574e-01
1.021795828128233864e-02 9.965833365917206033e-01
1.084691536030732081e-02 9.963000035285950462e-01
1.147976011037826066e-02 9.962083369493487384e-01
1.147995439358056105e-02 9.962000036239624379e-01
1.108722791774198642e-02 9.962833368778230003e-01
1.271983737475239178e-02 9.956750041246412719e-01
1.054781957529485163e-02 9.967000031471254795e-01
1.226859561633318607e-02 9.958333373069760963e-01
1.189146891701966212e-02 9.959750038385393189e-01
1.126924031181261200e-02 9.964250034093860009e-01
1.142938530771061591e-02 9.963166701793669811e-01
1.172804385074414750e-02 9.962250036001204512e-01
1.158199740340932864e-02 9.961500036716460782e-01
1.158845075406133782e-02 9.961000037193300516e-01
1.073953454266302239e-02 9.964666700363156160e-01
1.155934358248486907e-02 9.962083369493481833e-01
1.177799206459894700e-02 9.959416705369950051e-01
1.061323531088419377e-02 9.964166700839995894e-01
1.168886229861527785e-02 9.961250036954883980e-01
1.309225987584795858e-02 9.955750042200091077e-01
1.088226183434017405e-02 9.964583367109298706e-01
1.088716147933155472e-02 9.964500033855440142e-01
1.222869410994462634e-02 9.958666706085205211e-01
1.086692933691665690e-02 9.961333370208738103e-01
1.120548471226357271e-02 9.963250035047530595e-01
1.008823600655887540e-02 9.967750030755995194e-01
1.128850538283586794e-02 9.961833369731905030e-01
1.000558753265067859e-02 9.968000030517579768e-01
1.134828909998759905e-02 9.962333369255066406e-01
1.170763880247250102e-02 9.960250037908554566e-01
1.011833220371045026e-02 9.966916698217388459e-01
1.056889999890699844e-02 9.963916701078416871e-01
1.148379024234600157e-02 9.958416706323623968e-01
1.073737822473049344e-02 9.962666702270505104e-01
1.223134555621071921e-02 9.957083374261856967e-01
1.034565878799185296e-02 9.965000027418136064e-01
9.576169645879421821e-03 9.966750031709670221e-01
1.082542732125148753e-02 9.963083368539811246e-01
1.024049660423771019e-02 9.965083366632461193e-01
1.199431894114240914e-02 9.959750038385394300e-01
1.041912320069968492e-02 9.966166698932648060e-01
1.150225158082320877e-02 9.962250036001205622e-01
