5.955599123239518899e-01 7.979583585262295387e-01
4.213651069998740062e-01 8.557166826725007835e-01
3.125042589008807936e-01 8.952833580970763760e-01
2.739935195446012717e-01 9.069083589315415361e-01
2.307580193877220021e-01 9.234750372171399713e-01
2.310249713063240451e-01 9.222833645343777587e-01
1.879739476740360238e-01 9.378167080879210582e-01
1.840276432037353249e-01 9.397250372171400690e-01
1.597781503945589487e-01 9.496917051076891880e-01
1.652832246571778463e-01 9.447667038440704657e-01
1.473262921720743246e-01 9.516417044401168646e-01
1.415110522508620516e-01 9.541667020320895309e-01
1.355380692332982806e-01 9.564333689212801692e-01
1.240385792404413295e-01 9.601750326156612836e-01
1.240048418939114355e-01 9.590750360488892179e-01
1.155201891809701648e-01 9.625500327348709417e-01
1.201596695557236721e-01 9.602083677053450117e-01
1.114555744081735245e-01 9.635166966915131859e-01
1.043004217743873363e-01 9.656250303983688887e-01
9.844027746468783646e-02 9.673333632946012894e-01
9.803736448287966865e-02 9.675666928291321023e-01
1.081923308223485813e-01 9.639083617925642278e-01
9.939442589879037004e-02 9.673166960477830312e-01
9.765576619654893487e-02 9.678916960954667692e-01
9.519576817750928510e-02 9.692083615064616131e-01
8.848460655659434737e-02 9.706083601713181297e-01
8.607264675199988169e-02 9.723666912317278088e-01
9.131522875279185492e-02 9.704083591699599332e-01
8.478138007223606776e-02 9.733166915178299572e-01
8.905718971043828647e-02 9.707416927814489505e-01
8.022749882191415605e-02 9.741333580017088600e-01
7.506899125874041956e-02 9.748000234365467032e-01
8.220064599066971567e-02 9.726750254631043591e-01
7.653643891215325401e-02 9.748750239610670665e-01
7.977107144892216228e-02 9.736500245332719850e-01
8.113171603530647258e-02 9.727666926383972124e-01
7.432928591966632415e-02 9.752583563327789085e-01
7.383781045675281984e-02 9.755666893720622568e-01
7.076911842450500645e-02 9.767916887998582265e-01
7.021282255649566317e-02 9.761833554506300636e-01
7.221449501812456095e-02 9.758416897058486139e-01
7.469329811632631488e-02 9.749083560705184004e-01
6.793548008427020835e-02 9.776083546876904729e-01
6.946702394634482469e-02 9.771000218391419079e-01
7.059866324067116949e-02 9.770416879653931463e-01
6.657257173210386070e-02 9.784416872262956533e-01
7.189182184636591644e-02 9.767666888237002132e-01
6.590914715081451491e-02 9.784916865825651344e-01
6.740686869248749269e-02 9.774333548545838246e-01
6.551055897027252550e-02 9.787916857004163029e-01
6.818499514833092912e-02 9.778750205039973276e-01
7.388266040012242408e-02 9.753916889429092851e-01
6.442533269524572392e-02 9.790750187635419710e-01
6.626192681491374636e-02 9.779000204801560070e-01
6.328394634649155137e-02 9.794666862487793058e-01
6.340100442990663498e-02 9.787000203132628640e-01
5.680344922468066188e-02 9.813833510875702437e-01
6.228618195280432451e-02 9.794416850805283126e-01
6.142284676432609170e-02 9.794166857004164006e-01
6.275047572329642276e-02 9.790666842460630237e-01
6.531735770404341335e-02 9.789166867732999044e-01
6.437086660414931272e-02 9.782833528518675159e-01
5.786017451435326170e-02 9.813583505153653519e-01
6.567628787830472048e-02 9.782583540678027045e-01
5.788025341928006162e-02 9.809416848421095292e-01
5.679784307256340731e-02 9.810583508014678600e-01
5.678438872098922480e-02 9.809750175476076306e-01
6.212558019906282147e-02 9.796250194311142412e-01
5.876568119972945536e-02 9.801333516836167048e-01
5.533181378617884477e-02 9.821416831016540616e-01
5.735025541856884901e-02 9.812083512544631514e-01
5.677773946896195328e-02 9.813083511590957597e-01
5.270708540454507873e-02 9.826000165939329234e-01
6.131127098575239048e-02 9.799083501100545046e-01
5.347650732845067589e-02 9.826750165224076294e-01
5.276978686451911510e-02 9.826416832208634267e-01
5.500413395464423538e-02 9.815833508968353494e-01
5.350402161478997470e-02 9.822833502292636076e-01
5.401252796873450696e-02 9.822916835546494640e-01
5.383962288498880117e-02 9.821333503723146396e-01
5.607857307419178428e-02 9.816416841745376765e-01
5.275587245821951321e-02 9.829166823625562488e-01
5.150129307061433737e-02 9.831583487987519687e-01
4.912860276177524049e-02 9.838916820287707532e-01
5.225308991968632966e-02 9.826833498477935969e-01
5.132400777190922192e-02 9.830333489179612361e-01
5.177337644621729518e-02 9.829833495616915329e-01
5.462429629638791001e-02 9.819916826486589922e-01
5.287217987701296057e-02 9.823333495855330888e-01
5.399456495419142910e-02 9.818666839599612395e-01
5.294073223136363388e-02 9.824750167131421907e-01
5.258233634755014874e-02 9.827500146627425881e-01
5.483157271519302489e-02 9.815583491325381438e-01
5.253856102004646200e-02 9.824583494663239325e-01
5.013575620949268369e-02 9.833083492517469271e-01
5.019838245585561687e-02 9.832833492755890248e-01
5.249665908515455809e-02 9.828083485364914607e-01
4.923597233369947368e-02 9.836916816234589911e-01
5.016987051814795345e-02 9.832500153779984986e-01
5.049113797023892236e-02 9.834166818857192904e-01
5.150082414038480161e-02 9.828250151872635065e-01
4.869125487282872228e-02 9.841250151395796175e-01
4.589292628690600645e-02 9.852166801691056852e-01
4.802720949053765342e-02 9.839750152826310936e-01
4.651109220460056259e-02 9.844000148773190961e-01
5.193782886490226625e-02 9.831250160932542004e-01
5.143693086691201316e-02 9.824500161409379650e-01
4.874125156551600835e-02 9.836000156402588956e-01
4.934780703857540723e-02 9.836916816234592131e-01
4.796244543045758563e-02 9.836750149726867232e-01
4.771275984123349301e-02 9.845833468437193980e-01
4.711423958651721200e-02 9.842166817188259254e-01
4.125934269279243199e-02 9.862500131130220726e-01
4.660429063253106186e-02 9.846583479642867509e-01
4.915759567171336386e-02 9.833166825771331165e-01
4.818794760853053333e-02 9.839833486080170610e-01
4.864508588798344135e-02 9.834083491563796464e-01
4.517834929749368900e-02 9.852083474397660412e-01
4.416417227126657324e-02 9.850083476305004915e-01
4.864439431577922968e-02 9.840916812419889803e-01
4.540778551250697348e-02 9.851416802406309792e-01
4.798016821965575551e-02 9.838333487510680930e-01
5.005573576316238449e-02 9.832750159502028353e-01
4.775448856875298687e-02 9.836083489656449741e-01
4.299795798957348203e-02 9.856916803121568149e-01
4.439339083619417425e-02 9.854333472251890491e-01
4.862618663348258069e-02 9.842833483219145529e-01
4.634332480840387680e-02 9.842916816473007424e-01
4.142255414277317555e-02 9.863250130414963346e-01
4.319004416465758306e-02 9.854583472013473955e-01
4.434213329106569124e-02 9.850583475828172952e-01
4.769126549363136153e-02 9.839500147104260908e-01
4.319721084088087165e-02 9.854583472013472845e-01
4.363980446942147817e-02 9.853666806221009766e-01
4.350382302887736280e-02 9.855750137567520497e-01
4.564489540643987958e-02 9.844083482027051746e-01
4.856940109282732038e-02 9.839750152826307605e-01
4.272397477179765146e-02 9.855000138282777877e-01
4.456532851792873590e-02 9.852750134468079013e-01
4.557122143916784995e-02 9.845416808128355513e-01
4.236139199696481450e-02 9.857250136137005736e-01
4.425242021679875321e-02 9.854333460330967354e-01
4.180776176974176916e-02 9.861000132560732157e-01
4.555303755216300043e-02 9.846166813373565807e-01
4.078251647762955873e-02 9.864750128984453026e-01
4.438037738203999549e-02 9.860666793584824674e-01
4.643802018836139939e-02 9.847750139236450817e-01
4.328277920372784054e-02 9.852583461999893100e-01
4.427645691670476641e-02 9.858333462476730480e-01
4.288113606162369251e-02 9.856916803121565929e-01
4.310675091110169332e-02 9.857416802644730636e-01
4.405363824218510443e-02 9.854583472013471734e-01
4.393159998580814518e-02 9.851583474874495705e-01
4.387077480554580494e-02 9.850916808843612760e-01
4.512290207669136799e-02 9.854000139236447353e-01
4.251416295766833470e-02 9.859000134468079990e-01
4.024393991567196127e-02 9.866750127077098531e-01
4.367411726154386831e-02 9.851166808605194003e-01
4.026545329950750179e-02 9.865500128269193425e-01
4.293365505523980691e-02 9.861666798591616212e-01
4.450126790441574082e-02 9.851166802644727438e-01
4.261166142299770143e-02 9.856583470106126121e-01
4.363012046553195467e-02 9.852833473682405252e-01
4.512419715523720287e-02 9.849250137805939387e-01
4.205766229890288421e-02 9.863166791200637107e-01
4.165852103382348959e-02 9.861000132560731046e-01
3.928420588374138822e-02 9.872916787862775490e-01
4.164628497324884132e-02 9.861416798830032748e-01
3.974589793942867599e-02 9.868083459138871083e-01
4.105237743817270052e-02 9.862000131607054909e-01
4.096860727295280336e-02 9.864916795492174595e-01
4.122616425156592351e-02 9.862333464622500268e-01
4.287360607646407279e-02 9.857750135660172663e-01
4.450991966761649876e-02 9.850916808843611649e-01
4.056720033288001986e-02 9.867083460092543890e-01
3.955457887612282702e-02 9.867416793107987028e-01
4.137297513894735296e-02 9.861083465814592941e-01
4.053867913782596699e-02 9.870333456993105603e-01
4.241626030765473926e-02 9.861583459377291083e-01
4.091531352140009153e-02 9.863250130414963346e-01
4.293709299527107004e-02 9.856333458423612859e-01
3.690140858292578763e-02 9.881000113487240499e-01
4.036393429152666107e-02 9.867000126838683105e-01
3.976763017475603429e-02 9.870000123977659134e-01
4.224129230715335109e-02 9.860666799545286798e-01
4.330830966122446724e-02 9.851083469390867764e-01
4.241898425854741944e-02 9.858333468437195934e-01
3.906021877191961228e-02 9.866750121116637517e-01
3.784181689843536117e-02 9.873333454132078302e-01
3.840955192223189513e-02 9.876000118255616744e-01
3.851448752917350365e-02 9.872583454847333462e-01
4.114402632229029189e-02 9.865666794776916104e-01
3.915177420713007034e-02 9.871333456039430576e-01
3.829488547518848651e-02 9.872083455324174306e-01
4.077895960770545891e-02 9.866666793823243298e-01
3.958700186572968599e-02 9.870750117301941851e-01
3.849014703184366198e-02 9.872250121831894765e-01
3.851048097014427019e-02 9.871083456277846002e-01
3.802109908312558545e-02 9.874500119686127064e-01
3.525092857889829817e-02 9.881583446264268211e-01
