6.981869322061542427e-01 8.655458492040633001e-01
3.440207570791244396e-01 9.337812888622284424e-01
2.203300319612027103e-01 9.561792033910747612e-01
1.682600212097167813e-01 9.636896097660064830e-01
1.356797614693641130e-01 9.690354430675506281e-01
1.222923494130372934e-01 9.699041938781736150e-01
1.127134206891060170e-01 9.710750210285187256e-01
9.902036093175410614e-02 9.744979405403138006e-01
9.283449254930022099e-02 9.751291912794111116e-01
8.877185672521593907e-02 9.759666872024536088e-01
8.070741083472965371e-02 9.777521038055422276e-01
7.901892989873883499e-02 9.780375200510024181e-01
7.899942681193347638e-02 9.774437707662584351e-01
7.308898519724603415e-02 9.792583537101744451e-01
7.442390967160462945e-02 9.784437721967694790e-01
7.109058450907472515e-02 9.795250213146209362e-01
7.245504423975947239e-02 9.784062713384622523e-01
7.421314850449561851e-02 9.775562655925752464e-01
7.055832985788584866e-02 9.787312668561938267e-01
6.976380668580529909e-02 9.790521025657656917e-01
7.723595924675465130e-02 9.767187750339503260e-01
7.335768394172191564e-02 9.778791886568068970e-01
6.284630887210369832e-02 9.810021042823792170e-01
7.132910747081047664e-02 9.780833488702772582e-01
6.917501129209997768e-02 9.787146019935609731e-01
6.016211517155173327e-02 9.815937662124633034e-01
6.519164547324181325e-02 9.798000210523601927e-01
6.214758731424810390e-02 9.808500176668166759e-01
6.257443003356456812e-02 9.806583559513092352e-01
5.918221525847910947e-02 9.813937723636626531e-01
6.180834691971540812e-02 9.806166863441466708e-01
7.539525136351583889e-02 9.764750200510026179e-01
6.219074733555315232e-02 9.807020998001095835e-01
6.781218864023688675e-02 9.785083538293837258e-01
6.450205381959678297e-02 9.797208511829379463e-01
6.619256097823379703e-02 9.792541885375977140e-01
6.218002259731294362e-02 9.801021039485932063e-01
6.496593400835989907e-02 9.792937672138212202e-01
5.993923835456371751e-02 9.810500174760818926e-01
6.135965432971716982e-02 9.806229329109192872e-01
6.387874059379100578e-02 9.794521051645278531e-01
5.768519327044485667e-02 9.816958487033845548e-01
6.425802465528249185e-02 9.795791918039324919e-01
6.098613165318967494e-02 9.802875196933745761e-01
6.008366897702217824e-02 9.810812693834304321e-01
6.633435245603325203e-02 9.787937641143799050e-01
5.856391195207832912e-02 9.811250185966491344e-01
6.734293822199106938e-02 9.784896004199981068e-01
6.713482137769458125e-02 9.785646039247514194e-01
6.555160883814092898e-02 9.792833507061006193e-01
5.681923884898424509e-02 9.821583497524262185e-01
6.451976157724860494e-02 9.792979371547700929e-01
5.980510253459216802e-02 9.810562670230870141e-01
5.789633885025978477e-02 9.813645988702776046e-01
6.051566906273364577e-02 9.807521015405655795e-01
6.453260038048029557e-02 9.793125176429748890e-01
6.071527231484653148e-02 9.806229370832438841e-01
6.431038536131382377e-02 9.795666891336439752e-01
6.720961801707744931e-02 9.785396027565004262e-01
6.903421867638825926e-02 9.782604372501370049e-01
6.283368419855828169e-02 9.799541842937474767e-01
6.252877295017242321e-02 9.797875195741653220e-01
5.912382889539002234e-02 9.809021002054216787e-01
6.190470010042188609e-02 9.804271036386489335e-01
6.106918435543774726e-02 9.807125127315521329e-01
5.866327781230210731e-02 9.809354287385940729e-01
6.499975897371770839e-02 9.785604357719420721e-01
6.099348824471234609e-02 9.803146046400070812e-01
6.215699329972265708e-02 9.799875187873841043e-01
6.284003321081399474e-02 9.796729344129562200e-01
6.072882026433944896e-02 9.802229332923890759e-01
5.852603007107973210e-02 9.811437672376633889e-01
6.935963243246075216e-02 9.780166882276534190e-01
6.632502961903809224e-02 9.787500232458112848e-01
6.376071356236930054e-02 9.797916871309282350e-01
6.410464301705361134e-02 9.795125150680540349e-01
5.894128050655124407e-02 9.807770973443985518e-01
6.063857026398182526e-02 9.804646062850950194e-01
6.371734183281660413e-02 9.795625168085100309e-01
6.140340056270358199e-02 9.803146028518678889e-01
5.986017070710659277e-02 9.804312676191331288e-01
6.353056307882072595e-02 9.798333513736724454e-01
6.436416108161210903e-02 9.793062710762020506e-01
6.283193364739417253e-02 9.794625204801558072e-01
6.390838176012039740e-02 9.792146021127700051e-01
6.009612988680603646e-02 9.808104354143144521e-01
6.407256398350000270e-02 9.792416852712634290e-01
6.441725865006446561e-02 9.792041850090024147e-01
7.173174504190681089e-02 9.772687703371047974e-01
6.644740831106901724e-02 9.786937683820723377e-01
6.142865035682915087e-02 9.800916844606398781e-01
6.431978512555359961e-02 9.793854355812071644e-01
6.207206223160027792e-02 9.797812682390213412e-01
6.509692739695314978e-02 9.790666913986207920e-01
6.307021651417016317e-02 9.796146023273468728e-01
6.479177229106428126e-02 9.791875183582304798e-01
5.988085370510816408e-02 9.804312676191331288e-01
6.011540051549674191e-02 9.803271019458770219e-01
6.666885491460565472e-02 9.785562700033184624e-01
5.990375168621541596e-02 9.804541850090026101e-01
6.172099851071832788e-02 9.799937713146207319e-01
6.180211476981636864e-02 9.797875195741653220e-01
6.169901210814714154e-02 9.801646018028259411e-01
5.773585498332976101e-02 9.812833541631695855e-01
6.632711991667748774e-02 9.784166830778123769e-01
6.705812860280273291e-02 9.780354374647142190e-01
6.390445280820132579e-02 9.792771023511885886e-01
6.461684729903936775e-02 9.795145970582963546e-01
6.639069676399234066e-02 9.788771039247511352e-01
6.422241527587176091e-02 9.791833502054214655e-01
6.244359113276005263e-02 9.797062653303150181e-01
6.189683843404055613e-02 9.800104361772534745e-01
6.168521739542484617e-02 9.801750206947325017e-01
6.456399235874414611e-02 9.792604333162309160e-01
6.250267431139946983e-02 9.797416841983798141e-01
6.684615079313516173e-02 9.782229387760160710e-01
6.455318972468375438e-02 9.792979401350015989e-01
6.200199048966169996e-02 9.797021013498306008e-01
6.554457467049359942e-02 9.789041882753370949e-01
6.972817406058311185e-02 9.779854369163515360e-01
6.778069522231817967e-02 9.783521032333375445e-01
6.796762406826019343e-02 9.785354340076449775e-01
6.519468698650596195e-02 9.790396034717560036e-01
6.582186389714481112e-02 9.786812734603883568e-01
6.540201261639597141e-02 9.789958596229554333e-01
6.280829969793559620e-02 9.796125197410583407e-01
6.525877989828589298e-02 9.789375180006025801e-01
6.818352468311784931e-02 9.779958546161650057e-01
6.305502548813822494e-02 9.796125197410586738e-01
6.741829048842191974e-02 9.783021032810212958e-01
7.110526692122220993e-02 9.769729399681091886e-01
6.963294852524992695e-02 9.775979399681090642e-01
6.828769952058789949e-02 9.781146025657651011e-01
6.647386599332091861e-02 9.783666914701462103e-01
6.663961049169302153e-02 9.784229391813278331e-01
6.384587243199346673e-02 9.792896032333372469e-01
6.547847378998997159e-02 9.788458579778670510e-01
6.923293467611074670e-02 9.778812736272812778e-01
6.505900755524632317e-02 9.789333540201190509e-01
6.722055133432153218e-02 9.784854370355607900e-01
6.760563414543861727e-02 9.782041865587234319e-01
6.830624725669624808e-02 9.778729337453845316e-01
6.748837880790234389e-02 9.780312693119049827e-01
7.083068415522576766e-02 9.775250220298766779e-01
7.415450744330885635e-02 9.760437762737277367e-01
6.478030845522879388e-02 9.789625203609466642e-01
6.638676956295967713e-02 9.785041850805280550e-01
6.911792363971470954e-02 9.779250210523604547e-01
6.681796919554472414e-02 9.783541864156721779e-01
6.602865494787693579e-02 9.787375199794771108e-01
6.715472470968962548e-02 9.785312706232072166e-01
6.491306126117708797e-02 9.788916909694674873e-01
6.560503739863630945e-02 9.789021015167237438e-01
6.367433603852988566e-02 9.795000219345092463e-01
6.466728124767537333e-02 9.791229361295703537e-01
6.281437795609233488e-02 9.795875149965286299e-01
5.976466637104750623e-02 9.804208528995514982e-01
6.557892419397830241e-02 9.788333517313005938e-01
6.076497048139572338e-02 9.802083504199978758e-01
6.463190771639347465e-02 9.790250170230867521e-01
6.474376782774923789e-02 9.789833503961564709e-01
6.595728896558285259e-02 9.789771038293839656e-01
6.576037816703318717e-02 9.784937733411790406e-01
7.100960064679381900e-02 9.771562701463699652e-01
6.707845218479631388e-02 9.781250184774402667e-01
6.623360116034746059e-02 9.784854376316068914e-01
6.731774985790253685e-02 9.784250205755233853e-01
6.472647085785870891e-02 9.788771045207975696e-01
6.699055328965182465e-02 9.783896028995512362e-01
6.674190424382683839e-02 9.783375197649001320e-01
6.335257001221181183e-02 9.796104407310486373e-01
6.727336734533312379e-02 9.782854384183886642e-01
6.406275421381001089e-02 9.791083520650865069e-01
6.776336688548327547e-02 9.780187702178956277e-01
6.489464771002532995e-02 9.789646017551419943e-01
6.831681795418260983e-02 9.776541900634767579e-01
6.905353426933287520e-02 9.778916835784913220e-01
6.625011753290888095e-02 9.782291853427886874e-01
6.533990100026132453e-02 9.788333547115324329e-01
7.059875130653382735e-02 9.774125212430950782e-01
6.993834674358370695e-02 9.775146013498310360e-01
7.226723056286574187e-02 9.769437760114665359e-01
6.832833509892223545e-02 9.779396027326585639e-01
6.242537353187799232e-02 9.796979343891143444e-01
7.118550237268210512e-02 9.772437691688538042e-01
7.583601869642735138e-02 9.757166862487791636e-01
7.020856317132712077e-02 9.774354398250582054e-01
6.620137367397546657e-02 9.786083549261094250e-01
6.722637876868248208e-02 9.782479387521745284e-01
6.728795070201161466e-02 9.784958559274673506e-01
6.948309231549501530e-02 9.774854362010958475e-01
6.986440271139143787e-02 9.774083578586577614e-01
7.810335300862790431e-02 9.755458521842957920e-01
7.205725450068710403e-02 9.769437736272809092e-01
6.589795805513859461e-02 9.788291859626767621e-01
7.123225551098587294e-02 9.771791869401930120e-01
6.688571888953447064e-02 9.785021048784258157e-01
6.679985728114842813e-02 9.785396039485930730e-01
7.267934333533045133e-02 9.767708539962770553e-01
6.620276939123868887e-02 9.786729329824446211e-01
