1.182652368545531907e+00 7.004729354381564743e-01
7.610577940940856934e-01 8.036271035671235241e-01
5.317545780539516542e-01 8.635229307413102573e-01
4.429050153493881425e-01 8.816645956039429466e-01
3.765555623173714728e-01 8.968479287624361307e-01
3.371680882573128146e-01 9.059354299306867642e-01
3.027531564235686479e-01 9.148291885852811722e-01
2.892857846617698514e-01 9.170208555459974376e-01
2.688380534946920308e-01 9.223208612203597223e-01
2.563903421163557517e-01 9.251583570241928012e-01
2.416374629735946467e-01 9.290208631753920088e-01
2.495477294921874811e-01 9.250708639621734175e-01
2.311546888947485501e-01 9.312312811613082664e-01
2.246977464854717776e-01 9.324354505538943183e-01
2.232253323495388686e-01 9.322541999816897906e-01
2.132166418433189548e-01 9.353542006015778121e-01
2.039374841749668765e-01 9.385146248340606734e-01
2.023286248743533799e-01 9.388104534149172009e-01
2.059568515419959445e-01 9.371479529142382470e-01
1.936165586113929304e-01 9.408062881231306074e-01
1.989923460781575226e-01 9.389104479551313442e-01
2.056057056784630077e-01 9.368646192550661445e-01
1.878986039757728210e-01 9.422687894105912232e-01
1.907707378268242437e-01 9.420854526758195568e-01
1.819727647304534845e-01 9.437125343084338258e-01
1.781927523016930137e-01 9.447396200895309404e-01
1.913185027241706693e-01 9.406687784194943669e-01
1.839373193681240748e-01 9.431812864542004071e-01
1.833845742046832927e-01 9.431479597091678713e-01
1.775581002980470557e-01 9.446229541301726096e-01
1.871229261159896295e-01 9.409458673000336004e-01
1.745388351380824654e-01 9.454687893390655296e-01
1.709322227537631578e-01 9.465521156787871648e-01
1.661734542250633828e-01 9.474687820672991201e-01
1.740219420939683737e-01 9.450854527950286466e-01
1.779286417365072981e-01 9.444437813758853606e-01
1.759164865314959969e-01 9.450208717584611673e-01
1.734388865530491763e-01 9.449583745002747559e-01
1.698987334221601642e-01 9.463250350952152612e-01
1.717236408591269470e-01 9.464687865972517544e-01
1.624535037577151952e-01 9.484104508161542713e-01
1.639716146886349424e-01 9.487104535102842684e-01
1.608622035384178472e-01 9.490854507684709507e-01
1.666017425805329799e-01 9.474937915802001953e-01
1.660752235352993544e-01 9.470479506254196878e-01
1.651658332347868963e-01 9.476562875509263462e-01
1.656858194619416635e-01 9.476604551076889260e-01
1.633072944730519782e-01 9.485979545116428602e-01
1.596829986572265436e-01 9.490625369548797430e-01
1.632415786385535972e-01 9.485021197795865389e-01
1.600575747340917954e-01 9.493333721160885919e-01
1.616897904872894032e-01 9.497229504585265047e-01
1.589146167784930008e-01 9.494666981697083008e-01
1.611275279521942327e-01 9.487604552507403755e-01
1.581585595756768992e-01 9.504250347614289218e-01
1.610959550738335078e-01 9.491062885522840720e-01
1.613937135040759974e-01 9.491375374794003283e-01
1.583198527246713339e-01 9.499583697319033959e-01
1.622257449477910451e-01 9.485875397920611185e-01
1.548231915384530866e-01 9.508687829971312899e-01
1.601423226296901370e-01 9.490729498863217373e-01
1.568998021632433126e-01 9.500437843799589555e-01
1.582738019526004347e-01 9.494937819242478261e-01
1.538487197458743849e-01 9.513687837123869784e-01
1.517057945579290967e-01 9.522833710908886751e-01
1.559991891682148135e-01 9.504583728313446001e-01
1.513816425949335021e-01 9.516042059659959307e-01
1.577260604500770325e-01 9.495437836647033780e-01
1.551491972804069919e-01 9.509375292062761664e-01
1.570808784663677293e-01 9.500937873125077093e-01
1.535934516042470332e-01 9.510458713769913697e-01
1.570633466541766499e-01 9.504083669185640071e-01
1.591431444883346646e-01 9.498312848806381714e-01
1.524224617332220200e-01 9.523021203279493641e-01
1.556800274550915186e-01 9.507125359773633821e-01
1.482378710806369626e-01 9.529021191596982465e-01
1.478456256538629443e-01 9.525687855482105615e-01
1.509900110960006869e-01 9.520687919855117531e-01
1.480132903903722819e-01 9.531146162748335149e-01
1.480834928900002512e-01 9.530812817811963322e-01
1.509257311373948807e-01 9.520500349998474166e-01
1.487042474746704257e-01 9.523875337839124988e-01
1.515786827355623534e-01 9.512062823772428066e-01
1.512399859726429319e-01 9.513312870264056809e-01
1.450162878632546004e-01 9.536208713054660224e-01
1.451934747397899406e-01 9.539937800168990512e-01
1.467932137846947593e-01 9.533021152019498512e-01
1.465347292274236657e-01 9.529312902688981124e-01
1.461448512226342367e-01 9.529125344753265336e-01
1.457108797132969369e-01 9.527958661317826872e-01
1.443903326988220381e-01 9.536667066812517524e-01
1.417477107793092550e-01 9.544667023420330132e-01
1.431721599400043732e-01 9.541937816143037931e-01
1.427666803449392507e-01 9.541896194219590122e-01
1.425145038217305871e-01 9.542354553937912875e-01
1.464071931689977513e-01 9.533917027711868997e-01
1.474179089069366233e-01 9.531104522943497637e-01
1.463858466595411578e-01 9.530208694934847458e-01
1.415760028362273992e-01 9.548687869310379384e-01
1.472742678225040236e-01 9.529500377178194981e-01
1.362776537239551722e-01 9.562729543447494596e-01
1.410417959839105617e-01 9.548791992664338313e-01
1.439428540319204475e-01 9.541687834262846390e-01
1.496395915746688288e-01 9.524521183967590288e-01
1.507463474571705264e-01 9.522062844038006180e-01
1.444358358532190356e-01 9.540375381708141589e-01
1.503647509217262423e-01 9.524229550361631436e-01
1.434138221293687898e-01 9.544667011499403664e-01
1.480439509451389191e-01 9.526250326633455279e-01
1.433130583167075700e-01 9.543667030334471724e-01
1.424712411314249250e-01 9.549917042255403610e-01
1.445956672728060943e-01 9.540896153450013628e-01
1.463152307271956831e-01 9.532417041063310226e-01
1.467025882750750132e-01 9.530396175384523438e-01
1.449653685837984651e-01 9.538125348091126554e-01
1.494260886311531145e-01 9.528396195173262084e-01
1.501890551298857568e-01 9.521208691596985130e-01
1.557301376014948169e-01 9.513125383853915373e-01
1.560204496979712696e-01 9.505104523897169866e-01
1.495756778120993502e-01 9.523229521512984741e-01
1.490802257508039574e-01 9.522375351190565107e-01
1.531053480505943087e-01 9.516958707571028242e-01
1.533567057549953261e-01 9.512687879800798552e-01
1.478963135182856936e-01 9.527125304937362760e-01
1.478239957988261855e-01 9.527250319719314797e-01
1.510376061499118516e-01 9.522250348329541758e-01
1.555942265689372050e-01 9.507208716869355314e-01
1.473822742700576227e-01 9.526291978359227031e-01
1.535332165658473969e-01 9.515396231412885930e-01
1.533761519193649336e-01 9.511500340700149714e-01
1.493324994295835151e-01 9.527187830209733477e-01
1.540665914118289626e-01 9.509812885522842540e-01
1.590902055054903008e-01 9.495187848806381226e-01
1.566632840037345265e-01 9.500896185636522606e-01
1.644140250980853646e-01 9.485458672046660489e-01
1.554010487347841363e-01 9.502417004108428822e-01
1.564839512854813985e-01 9.501729559898374200e-01
1.557228448241949337e-01 9.509417003393179080e-01
1.584827652573585210e-01 9.500479543209076061e-01
1.686072098463772262e-01 9.466812813282012851e-01
1.694680058211087970e-01 9.461687862873077171e-01
1.693319909274578206e-01 9.466083705425262229e-01
1.694782245904207507e-01 9.462750375270840841e-01
1.707336484640836483e-01 9.458646166324615745e-01
1.771982608735561127e-01 9.438458651304242331e-01
1.722167823463678082e-01 9.451583671569822043e-01
1.831990572810172080e-01 9.417292064428330889e-01
1.883092911541461578e-01 9.406166970729826771e-01
1.755461952090263400e-01 9.440667033195493385e-01
1.887925888597965784e-01 9.404229557514189874e-01
1.819408354163170038e-01 9.426167017221449562e-01
1.765802201628685064e-01 9.439000368118283246e-01
1.817371541261672829e-01 9.425312840938568915e-01
1.785027834773063315e-01 9.435687923431398394e-01
1.773851566016673986e-01 9.438521230220794367e-01
1.698886732757091400e-01 9.464896243810657639e-01
1.716873862594366085e-01 9.451687806844711881e-01
1.740695282816886458e-01 9.441208708286282780e-01
1.739812223613262099e-01 9.443146216869353626e-01
1.774145825207233129e-01 9.438583707809449219e-01
1.704904808104038272e-01 9.461771225929263007e-01
1.779750435054302804e-01 9.436687844991681340e-01
1.800553560256957786e-01 9.427937871217725307e-01
1.689050354063509618e-01 9.463542073965074408e-01
1.634522579610348525e-01 9.476125365495681185e-01
1.753524678945541371e-01 9.442396193742752519e-01
1.675196062773466332e-01 9.467708700895307583e-01
1.666080160439014635e-01 9.462146258354189321e-01
1.650629059225320605e-01 9.477062863111496149e-01
1.700649455189704728e-01 9.462041991949078357e-01
1.666876214742660789e-01 9.466437852382661999e-01
1.688358546048402686e-01 9.461083650588988370e-01
1.644680543988943366e-01 9.473479527235029174e-01
1.641136479377746649e-01 9.475979489088055541e-01
1.614342638105153438e-01 9.479812878370287299e-01
1.634467297792434604e-01 9.476229548454285778e-01
1.646975681185722795e-01 9.474021250009537765e-01
1.592172951996325969e-01 9.491625350713728260e-01
1.631431285291910227e-01 9.475333666801450949e-01
1.598347792029380654e-01 9.489458709955214122e-01
1.585425192862749411e-01 9.491542053222655762e-01
1.615063438564539322e-01 9.484646207094191706e-01
1.603620987385511176e-01 9.488542014360428212e-01
1.665552765130997037e-01 9.469583696126937511e-01
1.584202487021684203e-01 9.487562912702559581e-01
1.613009637594223777e-01 9.482896178960797950e-01
1.552319391816854854e-01 9.502625346183779520e-01
1.591177431493997207e-01 9.491500383615492087e-01
1.616695543378591504e-01 9.483500331640241088e-01
1.568091010302305466e-01 9.495979505777361052e-01
1.572585920989512664e-01 9.497687846422195879e-01
1.662429130077361650e-01 9.472500300407410423e-01
1.616997428983450724e-01 9.485667055845260487e-01
1.633559879660606284e-01 9.483083689212802314e-01
1.538859748840332164e-01 9.509312874078751365e-01
1.598892849683761774e-01 9.492521178722381769e-01
1.590084701031445891e-01 9.484458714723587036e-01
1.553797210752964619e-01 9.504312896728517313e-01
1.533742121607065134e-01 9.511667001247406938e-01
1.523643402755260889e-01 9.512792032957073651e-01
