6.697881352901461360e-01 7.701500177383423518e-01
4.269271188974378406e-01 8.611583542823791904e-01
3.119861982762814900e-01 8.995166885852811101e-01
2.952551944553852281e-01 9.037166929244995206e-01
2.372514477372169583e-01 9.232000333070757847e-01
1.997306251525879095e-01 9.352750384807588802e-01
1.822082767635584133e-01 9.418500381708142521e-01
1.678602562099695827e-01 9.468750399351122393e-01
1.524185697734356526e-01 9.514250403642652287e-01
1.481568027287722134e-01 9.540750378370284057e-01
1.327899708598851702e-01 9.598667013645171275e-01
1.243812598288059484e-01 9.613166987895965798e-01
1.214016731828450879e-01 9.607583671808244130e-01
1.240134994685649639e-01 9.601750355958937888e-01
1.141379194706678563e-01 9.639833652973175404e-01
1.042133636027574722e-01 9.673833638429639725e-01
1.018699057027697696e-01 9.675916939973830955e-01
9.539804797619585996e-02 9.695083618164063166e-01
1.017565010488033078e-01 9.672750300168989623e-01
9.468601439148187360e-02 9.694083619117740414e-01
8.954042822122573742e-02 9.719166904687882580e-01
8.969896826893093700e-02 9.724750250577928190e-01
9.866802182048557690e-02 9.680083626508715344e-01
8.818997908383605089e-02 9.709000247716902399e-01
8.238905031234025622e-02 9.735916900634761229e-01
8.465981863439084321e-02 9.729250228404999756e-01
8.341381419450046020e-02 9.735750246047975009e-01
7.377114512026307358e-02 9.769000214338302568e-01
8.038967151194807703e-02 9.734166896343229292e-01
7.569203861057760552e-02 9.755833560228348578e-01
7.478396538645029623e-02 9.763666886091230124e-01
7.390330594033003853e-02 9.769666874408720059e-01
7.456551138311622029e-02 9.764583557844161987e-01
7.740668855607514554e-02 9.749833565950392078e-01
8.757624432444573170e-02 9.720750254392624967e-01
6.871315153315661617e-02 9.778000211715693890e-01
7.067345347255467314e-02 9.769583553075793514e-01
6.860689274966716433e-02 9.781916874647140769e-01
7.072187783196569322e-02 9.767750221490860696e-01
7.048884771764282742e-02 9.774750214815138838e-01
7.461978904902936971e-02 9.757000219821929665e-01
6.690704463049770845e-02 9.786000198125839322e-01
6.835402142256499780e-02 9.774333536624908447e-01
5.862462161108852182e-02 9.813333511352538840e-01
6.823579089716076684e-02 9.778416866064075785e-01
6.928503602743146805e-02 9.783416867256164995e-01
6.595132153481243764e-02 9.792333525419238960e-01
6.439927423372865389e-02 9.792333513498309161e-01
6.679499331861736555e-02 9.782666844129563888e-01
6.389993784949184186e-02 9.797666853666303632e-01
6.285927239805461086e-02 9.795583522319792902e-01
5.415552049875261426e-02 9.823666828870771806e-01
6.357992646284398031e-02 9.787500202655794457e-01
6.526706187054517883e-02 9.784000188112256247e-01
5.462834475561977043e-02 9.818916839361192528e-01
5.473057413473725319e-02 9.819500166177749234e-01
5.777526276186106813e-02 9.818333500623701582e-01
6.561052801087495501e-02 9.784000205993650390e-01
5.887038428336383716e-02 9.802333521842955255e-01
6.237349947914484077e-02 9.799916851520539263e-01
6.358656007796528731e-02 9.790916860103610064e-01
5.911479853093625642e-02 9.807583510875703681e-01
5.356708932667970935e-02 9.825500166416167858e-01
5.866247231140735152e-02 9.812833505868910899e-01
5.360413013026116974e-02 9.820916831493381460e-01
5.629753625020385982e-02 9.816500174999236439e-01
5.420550210401414715e-02 9.824833500385286023e-01
5.516435274854304682e-02 9.817250174283981279e-01
5.710497172549366257e-02 9.813583505153655739e-01
5.959716664627192489e-02 9.807750183343885153e-01
5.402253011241554825e-02 9.823000168800349874e-01
5.449657706543804131e-02 9.820666837692261231e-01
5.628386864438651715e-02 9.813000172376633579e-01
5.974469125270841924e-02 9.805166852474215267e-01
4.896415432915092458e-02 9.841750150918958662e-01
5.348045056685804544e-02 9.826583492755888161e-01
5.100195068866015397e-02 9.836416822671889548e-01
5.746271450072527182e-02 9.812416839599610308e-01
5.249375167302788858e-02 9.826083499193195570e-01
4.646539222449063561e-02 9.847583478689195813e-01
5.053752618841825944e-02 9.836666822433473012e-01
5.387611858546734189e-02 9.823916834592816283e-01
5.638716301880777187e-02 9.813666844367978648e-01
5.036969169974324367e-02 9.840916818380358588e-01
5.483269268646834976e-02 9.818666839599609064e-01
5.069492062553764694e-02 9.834333491325375487e-01
5.550070563331246237e-02 9.817666828632354292e-01
4.385285250842572286e-02 9.856416803598402332e-01
4.658526785671711357e-02 9.846583479642867509e-01
4.605714753270147288e-02 9.847166812419890780e-01
4.904811581596734554e-02 9.839416819810868908e-01
4.769876977428794129e-02 9.845916813611984564e-01
5.023109896108509526e-02 9.834583491086963392e-01
4.808931214734912807e-02 9.838916808366776623e-01
4.754094097763299914e-02 9.837333488464357067e-01
4.647434849292040454e-02 9.843333482742311347e-01
5.225637475028634821e-02 9.822666835784913397e-01
5.045825617387891121e-02 9.835250151157379772e-01
4.592937162145973445e-02 9.849916809797285566e-01
4.544037653133273930e-02 9.847333478927612349e-01
5.113328743726015119e-02 9.831666821241378251e-01
4.519561577588321333e-02 9.849750143289566218e-01
5.042688938789068737e-02 9.830583488941190273e-01
5.110001269727944273e-02 9.832833492755893579e-01
4.686745909973977914e-02 9.847250145673753785e-01
4.450513358227908833e-02 9.853750139474870551e-01
4.603180865757167811e-02 9.845000147819520375e-01
4.358802817761897597e-02 9.852083474397660412e-01
4.479885809123515528e-02 9.848750138282775790e-01
4.620624778792262882e-02 9.847000139951709308e-01
4.258219055831431732e-02 9.852500128746033425e-01
4.065924718044697933e-02 9.864083462953566750e-01
4.143104040995240767e-02 9.858500134944911952e-01
4.634512850083407492e-02 9.846583473682402055e-01
4.410929653793574379e-02 9.853000140190124601e-01
4.846360610798000623e-02 9.845000147819513714e-01
4.069469410926104119e-02 9.865333455801009732e-01
4.687671132385731743e-02 9.844416809082033870e-01
4.553764841519296336e-02 9.850750142335890081e-01
4.383428491652011094e-02 9.854000139236450684e-01
4.610912943258883845e-02 9.850500142574307727e-01
4.391936533153056182e-02 9.857666802406314099e-01
4.738713840954004997e-02 9.841000145673753918e-01
4.522504527121781054e-02 9.848833477497097588e-01
4.131807561032474485e-02 9.860000133514403853e-01
3.994499652646481963e-02 9.863833463191985507e-01
4.401495409198104974e-02 9.850666809082032627e-01
4.218217348679899337e-02 9.857333469390868741e-01
4.569841721095144887e-02 9.847583478689194703e-01
4.099955067969858480e-02 9.861250132322313400e-01
4.058037609793247597e-02 9.863416796922684915e-01
4.413581232540308985e-02 9.850916808843613870e-01
3.908036777749655799e-02 9.868166780471803179e-01
3.823011729866267888e-02 9.871000123023986328e-01
4.207763795740902812e-02 9.858916795253753751e-01
3.841255560517309320e-02 9.871666789054871494e-01
4.329580296762285813e-02 9.852750134468077903e-01
4.307547123171388131e-02 9.853916805982587679e-01
4.101089617237448776e-02 9.862166798114775368e-01
4.075482704676689633e-02 9.867833459377287619e-01
3.841121425852177945e-02 9.870166790485385144e-01
3.866636634804308803e-02 9.865333455801008622e-01
3.906974416226148550e-02 9.868500125408173895e-01
3.890682202763853792e-02 9.868000125885011409e-01
3.623686635866765066e-02 9.878083449602127475e-01
3.527991902083158632e-02 9.880583447217943238e-01
4.386861165985465189e-02 9.852833473682403032e-01
3.561173662543296037e-02 9.877166783809657735e-01
3.435690036509186918e-02 9.885250109434127186e-01
4.143296380527317080e-02 9.859916788339618821e-01
3.582480760291219951e-02 9.878916782140731989e-01
3.713993054814637013e-02 9.873916786909099352e-01
3.883901372551915726e-02 9.868500125408177226e-01
3.975826337933541232e-02 9.864833462238311590e-01
3.695109403226524980e-02 9.878416782617570613e-01
3.718956966884436749e-02 9.874083453416825362e-01
4.260628454387189318e-02 9.853750133514403986e-01
3.596631422638894154e-02 9.880333447456358664e-01
3.644821209833027514e-02 9.873500120639802091e-01
4.398033509962260418e-02 9.855333471298219905e-01
3.977231586351990394e-02 9.874583452939987849e-01
4.035944619216026708e-02 9.864000129699710406e-01
3.845520526170731479e-02 9.875000119209288441e-01
3.607247406616806429e-02 9.876416784524914005e-01
3.432945452164858774e-02 9.886666774749757192e-01
4.017018661834300536e-02 9.864333462715150214e-01
3.628757536411283263e-02 9.874416786432264059e-01
4.001631727442146735e-02 9.867083460092546110e-01
3.729698421433567945e-02 9.875833445787431941e-01
3.881359085440636708e-02 9.866166794300081921e-01
3.673082310706374948e-02 9.874166786670685036e-01
3.543562985956669881e-02 9.879250115156171796e-01
3.435576353222132007e-02 9.883916777372359075e-01
3.702562982216477810e-02 9.872083455324172085e-01
3.406380609609186566e-02 9.884750109910964699e-01
3.312768133357166939e-02 9.884583443403243130e-01
3.762962338514624222e-02 9.873666787147518109e-01
3.639554162509736623e-02 9.876333451271058772e-01
4.000159674324095527e-02 9.864750128984450805e-01
3.470321388915181132e-02 9.881833446025847234e-01
4.135244976729153532e-02 9.857416802644727305e-01
3.287073643878101609e-02 9.891916769742967741e-01
3.844257865101099320e-02 9.866750127077106303e-01
3.888712105341256275e-02 9.869916790723803901e-01
4.093245119787750769e-02 9.859000134468075549e-01
3.532645756378768875e-02 9.877000117301941717e-01
3.958597915247082794e-02 9.868416792154308670e-01
3.592375003732739547e-02 9.881000113487242720e-01
3.702002974227072002e-02 9.873000115156174150e-01
3.447697192430496799e-02 9.880000114440915526e-01
3.918796598911283152e-02 9.867333459854122912e-01
3.796081429347396285e-02 9.870083457231522139e-01
3.148294634185731800e-02 9.892666769027709250e-01
3.654805935919287069e-02 9.882000112533571023e-01
3.504381944891065553e-02 9.884250110387801103e-01
3.467069181613623152e-02 9.878833448886872315e-01
3.796211110427977903e-02 9.874000120162963468e-01
3.717332642525432440e-02 9.876333451271059882e-01
3.525659888051449475e-02 9.877750116586686557e-01
3.784967714454979398e-02 9.872666788101196467e-01
