3.554872059822082320e-01 9.051500248908996848e-01
2.144808356463908938e-01 9.421083748340605135e-01
1.662873720377683329e-01 9.524417066574093482e-01
1.140537451207637304e-01 9.712833607196807995e-01
9.961893461644646952e-02 9.725000250339508323e-01
9.762522865086793733e-02 9.728166919946671376e-01
6.256277900189162466e-02 9.843000149726864878e-01
8.399661719799038362e-02 9.757000225782394009e-01
5.806362692266701930e-02 9.840250152349473423e-01
6.207813333719969934e-02 9.833916825056078226e-01
4.819747708737850272e-02 9.872916787862775490e-01
4.524748817086220176e-02 9.876083451509475308e-01
3.792810764163734999e-02 9.902333426475523614e-01
4.262167144566773175e-02 9.882000112533569913e-01
4.425732273608443818e-02 9.880250114202505651e-01
3.475844655185937604e-02 9.909000086784363059e-01
3.367157335393131112e-02 9.907500088214875600e-01
3.735309591516852018e-02 9.894083434343338146e-01
2.928310245275497076e-02 9.920916742086411944e-01
3.103740830905734813e-02 9.906083422899246704e-01
3.488822147250175698e-02 9.897416764497757313e-01
2.749063397757708915e-02 9.922000074386597701e-01
2.798130189068616033e-02 9.920500075817108021e-01
3.095995412208140188e-02 9.909250086545946523e-01
2.774250611662864088e-02 9.919916743040085860e-01
3.586619601584971340e-02 9.884916776418686268e-01
2.900514966808259015e-02 9.916666746139528588e-01
2.550040137954056457e-02 9.929666733741762119e-01
2.477278670296073626e-02 9.931416732072825271e-01
2.471225299872458273e-02 9.925916737318043470e-01
2.978232653811574079e-02 9.909166753292084628e-01
2.910082820802927309e-02 9.913916748762130471e-01
2.775464983657001741e-02 9.914500081539153742e-01
2.743773150257764956e-02 9.925416737794875432e-01
2.806121967732905925e-02 9.916250079870224665e-01
2.955418014898896287e-02 9.917083412408831400e-01
3.331404053606093485e-02 9.904666757583614478e-01
2.349400917999446350e-02 9.926666736602784979e-01
2.545947232283651829e-02 9.925750070810318570e-01
2.340102093294263441e-02 9.934000062942504039e-01
2.059240859933197249e-02 9.938333392143249290e-01
3.072508451528847481e-02 9.899416762590410590e-01
2.729247550480067702e-02 9.918000078201296699e-01
2.027613640762865321e-02 9.939333391189579814e-01
2.167953920550644634e-02 9.941083389520646296e-01
2.353999539744109498e-02 9.926833403110507659e-01
2.546492757275700680e-02 9.918583410978315529e-01
2.202453665900975383e-02 9.936666727066040261e-01
2.047880095429718134e-02 9.940166723728180997e-01
2.386523428838699737e-02 9.929416733980181986e-01
2.320181739050894074e-02 9.927750068902974068e-01
2.024144258350132550e-02 9.938000059127809482e-01
1.954012579284608586e-02 9.939333391189575373e-01
2.481191801838577085e-02 9.923166739940645353e-01
1.985382283106445697e-02 9.939500057697298052e-01
2.100983083713799451e-02 9.934250062704088613e-01
1.976933037862181608e-02 9.936500060558318692e-01
2.265565535519271229e-02 9.930583399534222977e-01
1.657193826045840965e-02 9.949250048398973201e-01
2.015524846967310310e-02 9.936500060558319802e-01
1.830064286012202113e-02 9.942666721343995651e-01
2.326457247138023765e-02 9.930166733264923495e-01
1.924624760169535431e-02 9.937000060081483399e-01
1.805053681135177293e-02 9.943833386898039972e-01
1.772836290299891274e-02 9.945833384990692139e-01
2.392780428286641822e-02 9.925666737556455566e-01
2.026991748716681571e-02 9.935250061750409145e-01
1.776250493712723880e-02 9.944166719913482000e-01
1.821296611800788876e-02 9.940416723489761130e-01
2.060327288229018075e-02 9.935750061273573852e-01
1.873219140805303801e-02 9.942250055074693948e-01
1.978530879132450043e-02 9.938083392381666936e-01
1.921806122176348761e-02 9.942250055074695059e-01
1.750558276660740473e-02 9.946416717767715410e-01
1.858302518259734651e-02 9.937666726112365234e-01
1.671173273585736460e-02 9.944833385944367166e-01
2.289741570129990786e-02 9.922750073671341431e-01
1.481718107359483554e-02 9.952083379030226551e-01
2.243755368981510331e-02 9.933166730403898415e-01
1.769032015465199850e-02 9.945833384990692139e-01
2.063375649042428067e-02 9.934500062465669856e-01
1.954979371279479128e-02 9.937583392858505560e-01
1.682478302158416095e-02 9.943166720867157027e-01
2.055513902101666068e-02 9.939000058174127794e-01
1.790020801592618130e-02 9.940083390474320213e-01
2.123624606058003086e-02 9.929500067234039440e-01
1.970761267468333633e-02 9.938250058889389615e-01
1.878421324305237089e-02 9.947083383798598355e-01
1.752248952165246648e-02 9.948000049591062544e-01
1.939736638683826203e-02 9.935416728258136265e-01
1.834310493897646152e-02 9.940083390474319103e-01
1.637524742865934316e-02 9.947166717052460250e-01
1.590617415495216777e-02 9.950750046968458440e-01
1.490831974428146953e-02 9.953750044107437800e-01
1.530515752267092543e-02 9.948250049352646007e-01
1.670192294288426471e-02 9.942583388090132646e-01
1.642689826199785624e-02 9.942833381891252875e-01
1.617925785249098303e-02 9.950083380937578825e-01
1.807266364339740056e-02 9.938500058650969748e-01
2.272080557653680111e-02 9.923750072717671955e-01
1.704001500736922192e-02 9.943083387613298463e-01
1.661624264903367038e-02 9.945416718721391547e-01
1.481816002400591741e-02 9.948583382368084704e-01
1.748596549965441074e-02 9.939750057458878185e-01
1.721592581365257585e-02 9.941250056028366755e-01
1.721612025750800246e-02 9.941750055551530352e-01
1.581333600450307228e-02 9.948916715383530063e-01
1.717287824023515028e-02 9.947000050544740901e-01
1.808306573424488251e-02 9.943416720628738270e-01
1.554003600496798448e-02 9.950833380222322555e-01
1.484680512454360744e-02 9.951666712760922628e-01
1.422184443101286340e-02 9.954333376884461071e-01
1.692026341333985329e-02 9.944916719198225730e-01
1.435226545669137689e-02 9.949250048398967650e-01
2.164355373010038927e-02 9.930000060796737582e-01
1.488266372587532076e-02 9.953000044822695180e-01
1.980393043253571642e-02 9.932750064134595602e-01
1.622734058415516503e-02 9.943250054121017811e-01
1.785309025086461235e-02 9.939916723966600864e-01
1.534810316748917540e-02 9.948500049114229471e-01
1.689455938758328835e-02 9.945833384990689918e-01
1.627010255586356507e-02 9.944500052928924028e-01
2.132060249336064847e-02 9.926583403348920864e-01
1.695575891993939682e-02 9.942583388090132646e-01
1.537952654063701359e-02 9.950916713476180009e-01
1.779727064305916540e-02 9.939666724205017401e-01
1.674906360683963216e-02 9.945500051975250111e-01
1.647788917645812840e-02 9.943166714906692683e-01
1.789798884186893924e-02 9.942583388090131535e-01
1.638700623065232967e-02 9.941916722059248590e-01
2.094868397340177851e-02 9.933000063896181286e-01
1.561794730601832014e-02 9.945250052213665537e-01
1.624586933758110502e-02 9.946500051021576194e-01
1.464251897064969103e-02 9.952500045299528253e-01
1.451555269304662804e-02 9.952166712284088446e-01
1.249701257795095451e-02 9.960000038146974433e-01
1.700981639558448236e-02 9.944583386182785922e-01
1.804227079497650044e-02 9.938166725635531051e-01
1.580154307186602824e-02 9.947000050544742011e-01
1.942680072505027083e-02 9.933916729688644365e-01
1.682794273365289736e-02 9.943583387136460949e-01
1.391169440234080179e-02 9.948916715383526732e-01
1.542463619261980230e-02 9.946750050783157437e-01
1.769370208960027377e-02 9.938083392381666936e-01
1.690019514411687795e-02 9.942916721105578004e-01
1.390979340067133134e-02 9.952916711568832175e-01
1.555221216985956147e-02 9.945083385705949519e-01
1.477916262578219189e-02 9.950500047206880527e-01
1.985056972596795088e-02 9.931000065803525789e-01
1.330995584838092112e-02 9.956416708230970691e-01
1.505873665446416307e-02 9.947083383798596135e-01
1.206825391855090475e-02 9.959416705369948941e-01
1.732008658582343680e-02 9.939500057697296942e-01
1.476430655457079515e-02 9.949000048637387517e-01
1.704791220370681024e-02 9.940583389997481589e-01
1.565189154818654588e-02 9.942833387851710558e-01
1.446446047630160769e-02 9.950750046968458440e-01
1.489265517564489910e-02 9.948166716098785223e-01
1.309529818361625242e-02 9.955333375930787154e-01
1.648813907057046849e-02 9.944833385944364945e-01
1.893812643829732856e-02 9.935750061273574962e-01
2.218801578972488808e-02 9.925250071287152753e-01
1.470327653922140487e-02 9.949583381414415229e-01
1.389192955335602497e-02 9.952750039100646262e-01
1.412396938423626271e-02 9.953916710615159369e-01
1.383409796748310411e-02 9.952666711807252042e-01
1.585838399128988371e-02 9.946500051021573974e-01
1.461518706521019138e-02 9.949916714429855036e-01
1.589783181902020698e-02 9.945500051975251221e-01
1.538710779277607278e-02 9.947250050306321034e-01
1.424867929890751353e-02 9.951250046491622037e-01
1.409989104839041649e-02 9.954916709661486562e-01
1.658255607122555153e-02 9.944666719436645597e-01
1.561701497528701632e-02 9.946000051498417038e-01
1.464984294376336059e-02 9.949000048637390847e-01
1.619610951049253039e-02 9.946500051021575084e-01
1.568237869301810500e-02 9.949750047922135687e-01
1.497831936227157767e-02 9.948166716098787443e-01
1.451500887284055095e-02 9.949416714906692549e-01
1.470547097502276045e-02 9.951500046253205500e-01
1.542229061946271892e-02 9.948500049114227251e-01
1.366208587540313456e-02 9.952916711568833286e-01
1.773182268952950766e-02 9.939000058174132235e-01
1.561311592580750564e-02 9.946166718006135277e-01
1.398565093055366589e-02 9.954000043869013492e-01
1.728645254857838140e-02 9.940333390235903677e-01
1.409965882077813398e-02 9.950916713476178899e-01
1.670422067400068392e-02 9.942250055074693948e-01
1.519456664565950639e-02 9.951333379745482821e-01
1.595990130444988053e-02 9.945583385229113116e-01
1.317779878154396941e-02 9.953833377361295254e-01
1.619079731171950767e-02 9.944666719436646707e-01
1.349445916246623002e-02 9.956083375215529774e-01
1.261231490410864332e-02 9.956083375215529774e-01
1.530540282139554453e-02 9.948666715621946599e-01
1.524630139116197637e-02 9.945000046491623280e-01
1.654099947772919715e-02 9.946000051498412597e-01
1.402875935425982289e-02 9.950333380699157848e-01
1.606466476339846877e-02 9.944583386182780371e-01
1.514920197892934313e-02 9.947916716337206200e-01
