7.104496932029725764e-01 8.627750146389007169e-01
3.395000460743903270e-01 9.362771219015117996e-01
2.204504245519637862e-01 9.548896181583407250e-01
1.592125235497951208e-01 9.660812819004055418e-01
1.355233564972877502e-01 9.692521136999129316e-01
1.203951793909073115e-01 9.717750251293180153e-01
1.105670630931854664e-01 9.723791909217833762e-01
9.904429949820044154e-02 9.746312737464905007e-01
9.178984865546224725e-02 9.759875220060350021e-01
8.477633062750102033e-02 9.772562724351883112e-01
8.027068272233010837e-02 9.782000231742856711e-01
7.863945081830028827e-02 9.778354388475417602e-01
7.925881911069156127e-02 9.777396047115327615e-01
7.651191037148240282e-02 9.783646041154858697e-01
7.420118737965819555e-02 9.787125217914580677e-01
6.816636551171537106e-02 9.804646062850953525e-01
6.862274274230006910e-02 9.796521013975141301e-01
6.777584277093415266e-02 9.797291886806487327e-01
6.777092285454271170e-02 9.796875184774401779e-01
6.665693324059247804e-02 9.799437648057935935e-01
6.769821062684058810e-02 9.799229401350021407e-01
6.596438866108655930e-02 9.798916906118396719e-01
6.345412146300075107e-02 9.808687669038774759e-01
6.506006196141242426e-02 9.798458498716355880e-01
6.177490748465063602e-02 9.812416857481002230e-01
6.438209623098370415e-02 9.804604345560072876e-01
6.447566144168372093e-02 9.798104381561281162e-01
5.823023874312639736e-02 9.824104315042495594e-01
5.800806637853386100e-02 9.822562652826307694e-01
6.394776560366152718e-02 9.797771018743515192e-01
6.287385851144793036e-02 9.803271001577376076e-01
6.198015790432691297e-02 9.807771039009095526e-01
5.994379479438066705e-02 9.814666801691055431e-01
6.069332983344792598e-02 9.807479357719420809e-01
6.206803359091281336e-02 9.804083520174025068e-01
6.367712520062922266e-02 9.795958518981933150e-01
5.672305744141339923e-02 9.818666791915893199e-01
6.136844117194416998e-02 9.805625182390214079e-01
6.137961104512214966e-02 9.803187721967697721e-01
5.793890465050935412e-02 9.817166876792909891e-01
5.749778408557178200e-02 9.818708485364913141e-01
6.003160789608954356e-02 9.808812695741649934e-01
6.167561307549476041e-02 9.804666846990582885e-01
6.194347627460957545e-02 9.801708519458774971e-01
5.826016798615456238e-02 9.813416844606399625e-01
6.325753748416901301e-02 9.795812726020811656e-01
5.618395656347274780e-02 9.824312633275985585e-01
6.051322404295204904e-02 9.807041871547701462e-01
6.015196897089480910e-02 9.809771019220350219e-01
6.095569696277380878e-02 9.801708483695983354e-01
5.854093827307225301e-02 9.816479337215425760e-01
5.622186638414860410e-02 9.818333494663238348e-01
5.487792205065486484e-02 9.820520991086962859e-01
5.735510606318710430e-02 9.814750140905378339e-01
5.715752977877856106e-02 9.814437681436538607e-01
5.574574172496796903e-02 9.823875105381012496e-01
5.369932118803263238e-02 9.826437681913375854e-01
5.415551301091908742e-02 9.825625187158587570e-01
5.500854421406982386e-02 9.820187652111054266e-01
5.581919301301240671e-02 9.821062690019605190e-01
5.672008711844681028e-02 9.815895986557005015e-01
6.226688556373120159e-02 9.797687655687331576e-01
6.087384294718505007e-02 9.801812684535979869e-01
5.478706240653990339e-02 9.822875159978866622e-01
5.621526472270489683e-02 9.817687702178955478e-01
5.320114213973282241e-02 9.828187644481657381e-01
5.577701497823000371e-02 9.819083487987521064e-01
5.271892584860324998e-02 9.827729326486583927e-01
5.634199321269986460e-02 9.816916835308073797e-01
5.771802091971040688e-02 9.813000094890593772e-01
5.870577439665794484e-02 9.808750164508822644e-01
5.339745592325925022e-02 9.825354313850402921e-01
5.533927310258151405e-02 9.819812667369841597e-01
5.483873955905439745e-02 9.822104305028913629e-01
5.524355683475731110e-02 9.817937701940534501e-01
5.200258310884239149e-02 9.829770994186401989e-01
5.385722339153289906e-02 9.822104340791703025e-01
5.240672357380389557e-02 9.827854323387148483e-01
5.574258625507354931e-02 9.817208540439603670e-01
5.426991172134876945e-02 9.821562701463698586e-01
5.184184905141592942e-02 9.827125197649002608e-01
5.555685654282568886e-02 9.816729325056078315e-01
5.391886975616216882e-02 9.824145984649657048e-01
5.544895216822622042e-02 9.819562721252440562e-01
5.342149496078490295e-02 9.824687629938124722e-01
5.128875674679875263e-02 9.832020950317380548e-01
5.427607662975789116e-02 9.820895946025847145e-01
6.050178762525320469e-02 9.800271010398866611e-01
5.802361633628604770e-02 9.810333508253096246e-01
5.443733390420674861e-02 9.820771014690398149e-01
5.569617524743081249e-02 9.817479342222217298e-01
5.331273417919875357e-02 9.824500143527985507e-01
5.104800073429942298e-02 9.831166803836823842e-01
5.454016752541063912e-02 9.822833508253100421e-01
5.215004611760379327e-02 9.826041853427882611e-01
5.665333203971387871e-02 9.814875143766400578e-01
5.276599399745462993e-02 9.826166856288908180e-01
5.113981584087014254e-02 9.830875188112254692e-01
5.382398497313260755e-02 9.825895977020264738e-01
5.263266773894426792e-02 9.826854348182678667e-01
5.281212430447341372e-02 9.825229322910308261e-01
5.289878418669103494e-02 9.828375148773190739e-01
5.668288245797155345e-02 9.815958464145660978e-01
5.433456271886823868e-02 9.821104300022126532e-01
5.271150797605514415e-02 9.824896007776261486e-01
5.323074214160442019e-02 9.826291835308075262e-01
5.520727507770061687e-02 9.819750183820724621e-01
5.566740550100802293e-02 9.815604305267335850e-01
5.012220550328490981e-02 9.838270986080169811e-01
5.548438962548970371e-02 9.817416810989381126e-01
5.319213196635243918e-02 9.827541816234588445e-01
5.613849785178899598e-02 9.816354352235794334e-01
5.451418247073888668e-02 9.819854378700253461e-01
5.718118932098150559e-02 9.811396038532256281e-01
5.477356258779763482e-02 9.820062673091884964e-01
5.257284425199031802e-02 9.827791839838030397e-01
5.422804411500693755e-02 9.823479294776915616e-01
4.888516034930943943e-02 9.838604325056072852e-01
5.374517265707256380e-02 9.823375159502030218e-01
4.952260117977855258e-02 9.836666810512542103e-01
5.244237370789051056e-02 9.825666797161105581e-01
5.094528276473282713e-02 9.828479319810868864e-01
5.309412159025669875e-02 9.824312669038773871e-01
5.113478945568204759e-02 9.830312621593474409e-01
5.225514009594916381e-02 9.829708510637282792e-01
5.225686505436898110e-02 9.830416828393934159e-01
5.357462357729671221e-02 9.821187669038772272e-01
5.155558647587895477e-02 9.831812649965286921e-01
5.285416290163991865e-02 9.825854355096814707e-01
5.287696678191422528e-02 9.822291833162309915e-01
5.153210811316967510e-02 9.829083502292632613e-01
5.306226875632999440e-02 9.825125175714493064e-01
5.263672005385161556e-02 9.826646006107330189e-01
5.217991862446069024e-02 9.831166827678680109e-01
5.621973864734172710e-02 9.816875195503235174e-01
5.370064441114663634e-02 9.825250148773193581e-01
5.318754117935896308e-02 9.825458526611322574e-01
5.335883965715766675e-02 9.825104343891144509e-01
4.965462310239672494e-02 9.833979320526121670e-01
5.157245445996525707e-02 9.830896002054213545e-01
5.284436371177433922e-02 9.824250143766403154e-01
5.119286824017763721e-02 9.831583523750305753e-01
5.562674827873706485e-02 9.818125218152997657e-01
5.405091717839239501e-02 9.822333496809005915e-01
5.504136290401219489e-02 9.818833523988729217e-01
5.262390341609714250e-02 9.824270993471144742e-01
4.744805924594402979e-02 9.841125142574308482e-01
4.997434809803964068e-02 9.834395986795424482e-01
4.836145987734197238e-02 9.838708490133285522e-01
5.279705248773097770e-02 9.826271057128910247e-01
5.471971750259400219e-02 9.817208480834962447e-01
4.855214890092609398e-02 9.839500153064728583e-01
5.627596097066996789e-02 9.815187692642214357e-01
5.206624645739794249e-02 9.825375157594680164e-01
5.039568379521370406e-02 9.834270977973939010e-01
5.270375307649373398e-02 9.824791824817656893e-01
5.130970064550639809e-02 9.830083513259887384e-01
5.454281793907282683e-02 9.816708552837373203e-01
5.078191678971051559e-02 9.829521024227141357e-01
5.327434692531823890e-02 9.821187698841090663e-01
5.004572419449687670e-02 9.835583508014680287e-01
4.918149681761860986e-02 9.838000160455702137e-01
5.133758794516324331e-02 9.829875141382220516e-01
4.978211397305132985e-02 9.835875189304351673e-01
5.193009490147232343e-02 9.826520985364911587e-01
5.134825546294451842e-02 9.830646002292634522e-01
4.981896141543983025e-02 9.836250114440919790e-01
5.130522226914763922e-02 9.827833521366117209e-01
5.165128709748386532e-02 9.829000139236450106e-01
5.415355939418076137e-02 9.822583454847334528e-01
5.565206803381442247e-02 9.814020991325379528e-01
5.035289186984300697e-02 9.831291824579244665e-01
4.857201531529426602e-02 9.840125155448912198e-01
5.013229675590989698e-02 9.833645945787430342e-01
4.940176051110030386e-02 9.835312646627426547e-01
5.176979530602694030e-02 9.828625124692914605e-01
5.078785246238111395e-02 9.832083493471145408e-01
5.405601155012845077e-02 9.821062642335891546e-01
5.065241895616053730e-02 9.834270983934403354e-01
5.048527404665946461e-02 9.829437637329101474e-01
5.091880340129137372e-02 9.830500137805938676e-01
5.143823273479937452e-02 9.829916816949844094e-01
5.235367488116026563e-02 9.825875157117841541e-01
5.259662752971053928e-02 9.826666843891144199e-01
4.903832146897912914e-02 9.835541832447053379e-01
4.980042882263661236e-02 9.834041804075243087e-01
4.890596613287925137e-02 9.837625122070311479e-01
5.187017876654863302e-02 9.827458542585371104e-01
4.910898117348551362e-02 9.837979310750961659e-01
5.365096434950829274e-02 9.822000181674955810e-01
5.108024751767514804e-02 9.831104338169098789e-01
5.508352685719728609e-02 9.815312659740448309e-01
5.626855809241534945e-02 9.817208510637283059e-01
5.177241453900933293e-02 9.826750183105469327e-01
5.161551779136058088e-02 9.829416841268537874e-01
5.157352577894925433e-02 9.826458501815794611e-01
5.199048276990651113e-02 9.825729322433472968e-01
5.168701194226740792e-02 9.828604322671888882e-01
5.073223676532507415e-02 9.832645964622498402e-01
4.985707856714723801e-02 9.833771026134491278e-01
