1.184291856288909761e+00 6.972687703371045487e-01
7.584588813781742989e-01 8.046146064996722025e-01
5.527989047765733410e-01 8.578020995855333286e-01
4.539782214164735374e-01 8.785250097513200851e-01
3.962616327404975269e-01 8.907812666893003550e-01
3.420144200325012096e-01 9.051333510875703148e-01
3.238373062014579529e-01 9.070625185966494364e-01
2.906643456220626143e-01 9.166791909933088567e-01
2.788004407286644448e-01 9.194083613157272294e-01
2.720756381750108477e-01 9.205291914939879305e-01
2.554695732891558158e-01 9.247729438543316194e-01
2.369599665701388747e-01 9.296229475736618175e-01
2.369699351489544525e-01 9.294687837362288763e-01
2.279848606884479489e-01 9.319041985273359696e-01
2.241111315786838976e-01 9.333917027711866599e-01
2.203806731104850092e-01 9.335292041301727073e-01
2.101112043857574774e-01 9.367937874794007858e-01
2.135134948790072817e-01 9.355333673954009388e-01
2.035695320367813255e-01 9.383396184444429133e-01
1.917012299597262992e-01 9.417958682775497969e-01
1.997442075610160739e-01 9.388708680868148582e-01
1.878974650800228074e-01 9.425208663940428666e-01
1.919658045470714891e-01 9.414000326395034479e-01
1.980365976691245977e-01 9.393125379085538462e-01
1.870880094170569996e-01 9.422208732366559314e-01
1.874076002836227994e-01 9.420958739519124103e-01
1.808217377960682493e-01 9.435479474067686168e-01
1.821374943852424877e-01 9.437396216392519577e-01
1.837884101271629045e-01 9.428396195173263106e-01
1.819621741771698109e-01 9.433833646774292259e-01
1.762167887389660403e-01 9.456375378370286411e-01
1.818899688124657188e-01 9.437500375509259021e-01
1.751643531024456302e-01 9.454833662509914971e-01
1.757388360798358695e-01 9.448729550838468327e-01
1.795991685986518538e-01 9.436437928676604248e-01
1.774638932943344294e-01 9.444292008876800093e-01
1.759830149263142962e-01 9.447354573011399470e-01
1.733730907738209315e-01 9.453208684921264870e-01
1.727885892987251759e-01 9.460354584455491489e-01
1.720752449333666778e-01 9.469937866926192438e-01
1.691255019605159560e-01 9.471729534864430367e-01
1.722176674008369657e-01 9.459396231174468372e-01
1.669371770322323478e-01 9.479208743572238305e-01
1.687832246720790963e-01 9.470521217584609852e-01
1.664286945760249381e-01 9.477229541540146407e-01
1.661506266891956407e-01 9.474958705902097877e-01
1.662793356925249266e-01 9.474958682060238280e-01
1.646820322424173977e-01 9.478729563951490134e-01
1.639245856553316338e-01 9.485417056083680354e-01
1.651207344233989183e-01 9.480479496717457710e-01
1.668919176608324728e-01 9.471646201610562921e-01
1.637932004034517997e-01 9.481250411272048595e-01
1.565204717963934455e-01 9.504208695888523017e-01
1.558671201765537417e-01 9.509917044639588646e-01
1.579166051000356619e-01 9.502354520559311846e-01
1.596395934373140424e-01 9.494979465007779007e-01
1.554073040932417715e-01 9.507042050361635965e-01
1.565279636532068974e-01 9.504062914848326882e-01
1.628739759325981418e-01 9.483125358819963768e-01
1.554039019346237227e-01 9.507750356197361974e-01
1.556135708838700671e-01 9.505312889814377941e-01
1.558212409913539431e-01 9.505812835693361329e-01
1.585230838507414308e-01 9.497167056798937468e-01
1.595878430455923147e-01 9.487937861680983964e-01
1.538792263716459163e-01 9.511562895774841042e-01
1.515183398127555869e-01 9.521083682775498547e-01
1.496877541393042410e-01 9.523625349998473544e-01
1.576642924547195512e-01 9.492917013168334917e-01
1.576245122402906707e-01 9.503833669424055497e-01
1.563281661272049317e-01 9.503062868118286044e-01
1.600961352139711469e-01 9.495625364780426736e-01
1.567262039333582047e-01 9.504937887191775570e-01
1.536507917195558959e-01 9.514542078971862660e-01
1.556879703700541628e-01 9.501875299215315485e-01
1.505626439303159869e-01 9.523979556560516757e-01
1.524715981632470685e-01 9.515437841415405051e-01
1.555016808956861674e-01 9.507083624601364580e-01
1.506860740482807437e-01 9.525875365734098876e-01
1.550627280771732786e-01 9.511979520320896775e-01
1.528356193751097269e-01 9.507000404596330778e-01
1.499146849662065795e-01 9.523521196842196224e-01
1.506612404435873076e-01 9.522271198034286677e-01
1.485076265782117877e-01 9.528521180152892400e-01
1.561845392733811899e-01 9.503417015075685814e-01
1.489295812696219135e-01 9.527229517698289074e-01
1.550866787880658959e-01 9.507812911272046641e-01
1.486039885878561728e-01 9.526229566335675525e-01
1.536645063757896279e-01 9.507271164655682893e-01
1.500670383870601476e-01 9.523208659887310024e-01
1.492836149781942567e-01 9.527979528903961493e-01
1.516092524677515319e-01 9.520458704233166758e-01
1.497427913546562350e-01 9.525146150588988947e-01
1.480627551674842945e-01 9.530187875032422040e-01
1.490255765616894656e-01 9.529979538917543458e-01
1.460150179266929138e-01 9.535854524374010044e-01
1.452279382199048452e-01 9.536083710193633545e-01
1.439790493994952125e-01 9.541187870502473301e-01
1.485398194193839616e-01 9.530625331401824107e-01
1.454364336282014669e-01 9.533042019605639794e-01
1.529373689740896325e-01 9.511854523420333329e-01
1.473661604523659185e-01 9.529000365734101585e-01
1.465874379873275957e-01 9.532354480028152333e-01
1.456122997403144215e-01 9.535917019844054598e-01
1.440316491574048785e-01 9.547937810420988880e-01
1.484775280207394910e-01 9.522958695888521508e-01
1.447393008321523622e-01 9.537562817335127896e-01
1.477412880957127417e-01 9.531000375747681330e-01
1.507494142651557290e-01 9.526896160840987449e-01
1.456423961371182962e-01 9.539708679914472578e-01
1.493144211918114861e-01 9.528083670139312344e-01
1.464945563673973605e-01 9.528583627939223311e-01
1.472412931174039430e-01 9.534062904119494641e-01
1.476220057159661758e-01 9.527979534864424727e-01
1.415666484087706456e-01 9.548583692312243576e-01
1.437010245025158173e-01 9.544771152734757846e-01
1.475739982724189603e-01 9.534000372886657360e-01
1.420234101265668292e-01 9.544750338792797884e-01
1.412691036611795070e-01 9.547646176815032248e-01
1.434935402870178012e-01 9.544708704948426936e-01
1.406302373111248116e-01 9.550187849998474920e-01
1.484929902851580830e-01 9.529667013883592608e-01
1.478591029345988905e-01 9.528521162271501588e-01
1.409820178896187826e-01 9.552104514837264082e-01
1.436889400333166422e-01 9.539229482412339145e-01
1.416312487423418420e-01 9.551021164655681961e-01
1.409875336289405645e-01 9.551167082786560236e-01
1.443339799344539875e-01 9.542333698272706943e-01
1.453871070593595327e-01 9.539354532957075028e-01
1.425208852440118801e-01 9.549229532480237870e-01
1.432933904975652595e-01 9.550500410795211836e-01
1.418949556350707908e-01 9.549000346660614369e-01
1.425356242060661360e-01 9.548542016744611116e-01
1.438172951340675743e-01 9.542708629369736073e-01
1.429896370321512011e-01 9.548937809467312743e-01
1.443849189579486658e-01 9.541146254539489835e-01
1.451372924447059676e-01 9.539604508876798894e-01
1.422534169256686742e-01 9.542812830209734809e-01
1.409882169216871983e-01 9.549062830209734676e-01
1.445343502610920983e-01 9.548208659887315042e-01
1.405826122313738324e-01 9.552104556560518933e-01
1.447686237096786899e-01 9.542271190881730369e-01
1.431342965364456599e-01 9.547958695888517644e-01
1.387110333144664642e-01 9.560229504108430643e-01
1.414835535734891847e-01 9.553333646059034567e-01
1.395159666240214924e-01 9.552583706378939832e-01
1.456706437468528736e-01 9.542604500055310579e-01
1.418616721034050010e-01 9.549146199226378195e-01
1.408689866960047832e-01 9.553146207332613438e-01
1.462836211919784357e-01 9.534916973114017091e-01
1.404815518110990868e-01 9.552562814950943393e-01
1.415934295207262050e-01 9.550604510307311168e-01
1.413463079184293647e-01 9.553292089700696765e-01
1.423059662431478412e-01 9.551979517936703967e-01
1.404059658199549032e-01 9.556708711385722976e-01
1.411079594492911649e-01 9.545917016267777555e-01
1.414673222601413316e-01 9.549687826633453946e-01
1.419472664594650657e-01 9.547125393152238182e-01
1.362620991468429243e-01 9.568667006492614924e-01
1.439344725757837062e-01 9.539958667755126243e-01
1.388306455314159138e-01 9.556521183252335572e-01
1.470669153332710699e-01 9.535187852382657203e-01
1.433235862851142683e-01 9.551937788724901290e-01
1.441662348806857508e-01 9.542687851190568837e-01
1.394768071174621316e-01 9.555687832832338025e-01
1.424946630001068248e-01 9.543250358104706788e-01
1.460006852447987002e-01 9.535083681344984630e-01
1.409125296771526759e-01 9.550500327348706575e-01
1.447856764495371873e-01 9.542354500293728226e-01
1.429233942180871964e-01 9.547312855720517799e-01
1.415521283447742085e-01 9.546083736419676002e-01
1.391960851848125791e-01 9.558042019605632600e-01
1.500338523089884690e-01 9.528437852859499291e-01
1.384128386527299082e-01 9.560958671569826928e-01
1.425309041887521389e-01 9.545562863349915661e-01
1.344112769514322903e-01 9.571917003393172196e-01
1.421705166250467334e-01 9.545458680391308848e-01
1.399010869115590583e-01 9.554291999340059904e-01
1.397510818392039000e-01 9.559812813997269343e-01
1.390287633985280158e-01 9.552687859535217152e-01
1.414352519810199715e-01 9.549000352621077603e-01
1.417198378592729180e-01 9.555312812328339289e-01
1.434756267070770308e-01 9.545187819004059548e-01
1.408727373927831650e-01 9.547021204233170355e-01
1.369133528321981597e-01 9.560271197557450584e-01
1.415983089059591471e-01 9.548271173238757070e-01
1.437211497128010329e-01 9.541771167516709395e-01
1.385165228694678619e-01 9.560417032241819157e-01
1.390849338471889518e-01 9.556208711862564931e-01
1.445705524832010258e-01 9.538604521751401499e-01
1.357826396822928994e-01 9.565896219015120883e-01
1.435142616927623793e-01 9.544062840938567494e-01
1.392815654724835761e-01 9.556166976690292358e-01
1.397728332132101292e-01 9.550208711624146307e-01
1.389292890578508188e-01 9.561271190643311213e-01
1.430424837768077551e-01 9.548583632707596802e-01
1.420506438612937905e-01 9.554479491710662353e-01
1.374633018672466178e-01 9.561021149158477339e-01
1.363080966472626221e-01 9.566229534149168767e-01
1.407078149169684322e-01 9.553750383853911732e-01
1.385301518440247015e-01 9.558562886714936369e-01
