3.284433954954147361e-01 9.132583659887313354e-01
1.829580497741699618e-01 9.517667073011398804e-01
1.379564937204122155e-01 9.650916993618013917e-01
1.124338189512490566e-01 9.695583617687228983e-01
8.921172607690096290e-02 9.760250216722491379e-01
8.250409595668319052e-02 9.783166873455044765e-01
6.370688177645204842e-02 9.831500160694123247e-01
6.096679966896773745e-02 9.831833493709565275e-01
5.121465176343916598e-02 9.872083455324174306e-01
4.779443791136146064e-02 9.869833451509478772e-01
5.379893841221929096e-02 9.845000147819520375e-01
4.037059253081679011e-02 9.891750103235242841e-01
4.150365483015775597e-02 9.892083436250685979e-01
3.913456605747343831e-02 9.893833434581755792e-01
3.620856544002888644e-02 9.899000096321106668e-01
3.558254000730812910e-02 9.900250095129010663e-01
3.623151386156679699e-02 9.895833426713946945e-01
3.209279946982859094e-02 9.906583422422412522e-01
3.315176626667381415e-02 9.905166757106783626e-01
3.045896845869720815e-02 9.908583420515061357e-01
4.089497767388821509e-02 9.872833454608916925e-01
3.068604530766606137e-02 9.910666751861574308e-01
2.957959382794797532e-02 9.915500080585479825e-01
2.632439422421157041e-02 9.924750071763995818e-01
2.604116555303333941e-02 9.924833405017853272e-01
2.749477303586900581e-02 9.919166743755338800e-01
2.918695082888006151e-02 9.913250082731246415e-01
2.770478321239353350e-02 9.913166749477385631e-01
2.864497686736285076e-02 9.914083415269849819e-01
2.200621111784129696e-02 9.932916730642318281e-01
2.511324462480843053e-02 9.923583406209948166e-01
2.193037655670196026e-02 9.934583389759062966e-01
2.411083054728805838e-02 9.927500063180924039e-01
2.271525776013732373e-02 9.932166731357573441e-01
2.259188035503029504e-02 9.931916731595994419e-01
2.156477374956011425e-02 9.939250057935712368e-01
2.000690383836626826e-02 9.939166724681850473e-01
2.139210305176675667e-02 9.935166728496552802e-01
2.294688385911285503e-02 9.928833401203156495e-01
2.085945672821254426e-02 9.934500062465668746e-01
2.199553325306623924e-02 9.931250065565111473e-01
1.876629756763577295e-02 9.943333387374876375e-01
2.456174887251109593e-02 9.924750071763992487e-01
2.058916713111102678e-02 9.936583393812181697e-01
2.061297643929719398e-02 9.937500059604644775e-01
1.945748091209680355e-02 9.938500052690505404e-01
2.073696413077414161e-02 9.938250058889388505e-01
2.080969845410437016e-02 9.936500060558317582e-01
1.923116782214492892e-02 9.940250056982040672e-01
1.987572519108652541e-02 9.938083386421204812e-01
2.255101541057229902e-02 9.925583398342128216e-01
1.961031339596957038e-02 9.939333391189576483e-01
2.297575522679835489e-02 9.923916739225385752e-01
1.892116218805312347e-02 9.940833389759062833e-01
2.042276638792828169e-02 9.935500055551528265e-01
1.972720880527049220e-02 9.938416725397108964e-01
1.932390185305848593e-02 9.939583390951155506e-01
1.846019635442643428e-02 9.941250056028366755e-01
1.886521073058247330e-02 9.939166724681858245e-01
1.956104256678372483e-02 9.934500062465667636e-01
1.656801081728190295e-02 9.947750049829482411e-01
1.766505490988492730e-02 9.940833389759066163e-01
2.040351146832108942e-02 9.935333395004273260e-01
1.594153111334889461e-02 9.949750047922134577e-01
2.050570602994411518e-02 9.930833399295807551e-01
1.674139860086142073e-02 9.948583382368089145e-01
1.615793574601411681e-02 9.947333383560180708e-01
1.768813545815646829e-02 9.945666718482970570e-01
1.767399057745933089e-02 9.941666722297667347e-01
1.809811844024807395e-02 9.940666723251340153e-01
1.937114529311655467e-02 9.937333393096923206e-01
1.713905229698866120e-02 9.945833384990693249e-01
2.011773103382439101e-02 9.934000062942504039e-01
2.060058880131691861e-02 9.934666728973386984e-01
1.819239072967321000e-02 9.941666722297669567e-01
1.753143536392599497e-02 9.945000052452086514e-01
1.672451701015234549e-02 9.947750049829482411e-01
1.600265986751766081e-02 9.949666714668273793e-01
1.695857114391402520e-02 9.944250053167343895e-01
1.708733535371721388e-02 9.948250049352644897e-01
1.794010644312947489e-02 9.943583387136459839e-01
1.775265957694500615e-02 9.944916719198225730e-01
1.567002622876317169e-02 9.951333379745488372e-01
1.520102748647331886e-02 9.949166715145110196e-01
1.692019909620284465e-02 9.946083384752273382e-01
1.606697594281285627e-02 9.947250050306319924e-01
1.595317281782627009e-02 9.949916714429855036e-01
1.969854878261685302e-02 9.938250058889387395e-01
1.416865991195664226e-02 9.956333374977113237e-01
1.693656314164398990e-02 9.946666717529295543e-01
1.596674532629549503e-02 9.946250051259993841e-01
1.400743822799995451e-02 9.955416709184647939e-01
1.753276218893005944e-02 9.942333388328552513e-01
1.603934067999944132e-02 9.945250052213668868e-01
1.576244004536419413e-02 9.947833383083342085e-01
1.511201125336810933e-02 9.952166712284088446e-01
1.415218810550867949e-02 9.951500046253203280e-01
1.771665222011506446e-02 9.941250056028367865e-01
1.627617513062431728e-02 9.946500051021572864e-01
1.358938393648714306e-02 9.957666707038879128e-01
1.617928274674341332e-02 9.950500047206880527e-01
1.502515306929125966e-02 9.952166712284089556e-01
1.407193625578657091e-02 9.953583377599716231e-01
1.590676958439871808e-02 9.946250051259997171e-01
1.545714937848970301e-02 9.948250049352648228e-01
1.444508490618318271e-02 9.952083379030228771e-01
1.257776812417432666e-02 9.960583370923994373e-01
1.313595933141186584e-02 9.957083374261852526e-01
1.727454534498975083e-02 9.945000052452090955e-01
1.351125783985480423e-02 9.957583373785016123e-01
1.407981457654387120e-02 9.957000041007997293e-01
1.499549759086221332e-02 9.950083380937576605e-01
1.676835418213158679e-02 9.945833384990691028e-01
1.369105433346703461e-02 9.954333376884459961e-01
1.512165070278570500e-02 9.949833381175992031e-01
1.354559752624481632e-02 9.955833375453949641e-01
1.577355368994176263e-02 9.947500050067904498e-01
1.579161551780998776e-02 9.948166716098785223e-01
1.501429507974535137e-02 9.951916712522507202e-01
2.004992386326194531e-02 9.934583395719526200e-01
1.446254532318562783e-02 9.952916711568828845e-01
1.356814332306385297e-02 9.955666708946226962e-01
1.497831322019919573e-02 9.949500048160552224e-01
1.331558265723287691e-02 9.960416704416273914e-01
1.488633015309460093e-02 9.955333375930783824e-01
1.526548846391961346e-02 9.949416714906691439e-01
1.296644939226098726e-02 9.958666706085204101e-01
1.487469982588663329e-02 9.952083379030227661e-01
1.611947587225586939e-02 9.949166715145110196e-01
1.620797113515436497e-02 9.946583384275439199e-01
1.233666076092049257e-02 9.960166704654690450e-01
1.361121394438669086e-02 9.955083376169205911e-01
1.498047578381374832e-02 9.950083380937575495e-01
1.356255236081779086e-02 9.955666708946228072e-01
1.570401377975940566e-02 9.945500051975252331e-01
1.211366160772740612e-02 9.962333369255067517e-01
1.799824450630694087e-02 9.941750055551530352e-01
1.561883479589596356e-02 9.946250051259993841e-01
1.627783021191133925e-02 9.945750051736831354e-01
1.268932038219646070e-02 9.956916707754132068e-01
1.528258095728233547e-02 9.948250049352646007e-01
1.302438882179558083e-02 9.956000041961667879e-01
1.715785728301853080e-02 9.942666715383530196e-01
1.338756430894137012e-02 9.954250043630600286e-01
1.370869396254420156e-02 9.952833378314970281e-01
1.365333365276456129e-02 9.956750041246411609e-01
1.527912607183679744e-02 9.949916714429855036e-01
1.585650647408328590e-02 9.946916717290876786e-01
1.307573159225285456e-02 9.957666707038876908e-01
1.588395603466779063e-02 9.947416716814039273e-01
1.353264232864603324e-02 9.955583375692369508e-01
1.517798548098653853e-02 9.950083380937577715e-01
1.542433819733560196e-02 9.947000050544737570e-01
1.347833632957190150e-02 9.954250043630599176e-01
1.864095360506326168e-02 9.941333389282225319e-01
1.499452632851898393e-02 9.952000045776369097e-01
1.255093897692859117e-02 9.960500037670133588e-01
1.336484194267541052e-02 9.955750042200085526e-01
1.290519570000469782e-02 9.957750040292741023e-01
1.290974230738357355e-02 9.955833375453946310e-01
1.565618277760222679e-02 9.946666717529301094e-01
1.312118333065882478e-02 9.958666706085207432e-01
1.253741001710296198e-02 9.959583371877670510e-01
1.236779306316747838e-02 9.958583372831345537e-01
1.494802882894873293e-02 9.949583381414416339e-01
1.168492969591170688e-02 9.960500037670136919e-01
1.380376084707677850e-02 9.953166711330414529e-01
1.288139438955113701e-02 9.959083372354506913e-01
1.321210297057405156e-02 9.956333369016644452e-01
1.335454925196244771e-02 9.955750036239628953e-01
1.168720529647543707e-02 9.961750036478045356e-01
1.244575822842306639e-02 9.957166707515717752e-01
1.548070218879729447e-02 9.947416716814040383e-01
1.185483142267912231e-02 9.958750039339067106e-01
1.251905627083034142e-02 9.959583371877667179e-01
1.280309705762192572e-02 9.956583374738695591e-01
1.291957536479458081e-02 9.955750042200088856e-01
1.663844244088976895e-02 9.947833383083342085e-01
1.184548846911639107e-02 9.959166705608368808e-01
1.480200438993051378e-02 9.950583380460740202e-01
1.368836105102673451e-02 9.956000041961668989e-01
1.290989019908011202e-02 9.956666707992557486e-01
1.381285174284130161e-02 9.953166711330414529e-01
1.264448196627199553e-02 9.957833373546597366e-01
1.239369563991204147e-02 9.957833373546598477e-01
1.409839975181967006e-02 9.953500044345854336e-01
1.297769737429916963e-02 9.957500040531156449e-01
1.199419017182662590e-02 9.961666703224182351e-01
1.385803887969814033e-02 9.951916712522510533e-01
1.223048361949622201e-02 9.959583371877672731e-01
1.196499365149066019e-02 9.961583369970321566e-01
1.823251112364232193e-02 9.939583390951156616e-01
1.581385503523051808e-02 9.945750045776364789e-01
1.346382768126205137e-02 9.952750045061109496e-01
1.007789366180077140e-02 9.969583362340930233e-01
1.245168443070724523e-02 9.959333372116089267e-01
1.266028508194722013e-02 9.956750041246414940e-01
1.174968652194365200e-02 9.962083369493480722e-01
1.114197897957638038e-02 9.964166700839998114e-01
1.220900496933609303e-02 9.958666706085204101e-01
