7.160938757658005249e-01 7.521083492040635532e-01
4.335960754752159474e-01 8.589916872978211604e-01
3.433697047829630256e-01 8.879000240564346447e-01
2.816736578941345659e-01 9.097666913270949784e-01
2.498738311231136211e-01 9.188166970014571833e-01
2.307607060670852361e-01 9.233000349998474743e-01
2.051602752506732907e-01 9.346250355243682639e-01
1.831850959360599440e-01 9.419750416278838134e-01
1.911686254292726261e-01 9.373917084932328336e-01
1.704581516981123479e-01 9.450417077541348743e-01
1.479693734645844416e-01 9.527750384807586181e-01
1.394658261537551625e-01 9.554417049884794677e-01
1.310788426548242513e-01 9.583750361204150803e-01
1.200019656866788687e-01 9.630083656311035911e-01
1.178429835289716288e-01 9.625583660602570202e-01
1.086925484240055390e-01 9.649166977405549961e-01
1.096227588877081854e-01 9.651833641529083962e-01
1.095934812724590202e-01 9.643500304222107911e-01
9.807790968567130230e-02 9.693333613872524568e-01
1.104794069379567978e-01 9.637000316381458820e-01
9.469060260802505957e-02 9.700500255823136797e-01
9.692274682223800397e-02 9.689916962385177746e-01
8.888604823499919594e-02 9.709500265121461249e-01
9.231829181313513932e-02 9.707166934013365944e-01
8.868163406848907082e-02 9.714583599567412353e-01
8.399245623499157487e-02 9.736250251531600730e-01
8.205264762043952553e-02 9.736583560705185381e-01
8.427506679669023726e-02 9.734500241279600008e-01
7.818015325814485494e-02 9.743083572387692959e-01
7.617369551211594647e-02 9.761333549022678246e-01
8.431426629424092212e-02 9.731500256061552667e-01
8.102340478450062444e-02 9.733416903018951016e-01
7.684383079409595751e-02 9.759666895866394576e-01
7.113128561526534110e-02 9.772666865587237295e-01
7.326943323016173182e-02 9.765500217676161832e-01
7.283890444785358353e-02 9.763833552598951693e-01
8.107681503519414967e-02 9.734750229120253673e-01
7.422111190855502916e-02 9.761166876554486782e-01
8.107363652437922508e-02 9.743333578109741877e-01
6.946654032915829113e-02 9.776166862249372480e-01
7.289520455524323150e-02 9.766166889667510231e-01
6.649515405297282133e-02 9.791000199317935193e-01
6.920535400509839064e-02 9.770166873931882545e-01
6.769343024119733876e-02 9.779416877031326116e-01
6.947966260835528041e-02 9.777416861057282027e-01
6.590541386976837834e-02 9.790250194072722678e-01
6.477490514516831555e-02 9.788500195741657306e-01
6.595325136557221579e-02 9.779083538055416414e-01
6.312196975573898527e-02 9.796583521366120095e-01
6.315568186342716828e-02 9.794666862487795278e-01
6.331572374328973962e-02 9.797500187158585394e-01
5.810004273429512228e-02 9.805500185489653964e-01
6.199556695297360476e-02 9.798083525896075230e-01
6.456768291071061927e-02 9.788000202178955833e-01
6.232898179441692665e-02 9.794916850328443392e-01
5.834597827866672137e-02 9.807250171899793978e-01
6.164015058428047589e-02 9.798500180244444913e-01
6.570542205125091961e-02 9.780916875600815796e-01
5.545207943767310049e-02 9.816583508253098334e-01
5.674406254664064730e-02 9.816166841983797742e-01
5.632673479616641388e-02 9.814833503961564176e-01
5.890451053157448602e-02 9.805583518743512528e-01
5.900334829464555508e-02 9.805166846513752033e-01
5.585919426754114986e-02 9.819000166654587858e-01
5.733705207705497298e-02 9.810916846990581641e-01
6.012062123045325973e-02 9.804833519458768798e-01
5.713895948603747721e-02 9.814750176668167736e-01
5.547430066391825787e-02 9.816750174760818792e-01
5.428775267675519517e-02 9.822583496570586048e-01
5.488011036068199400e-02 9.821500164270399180e-01
5.251632667146622496e-02 9.825500166416172299e-01
5.243834108114241860e-02 9.828583490848540327e-01
5.442786417901516322e-02 9.821083503961564043e-01
5.060017621144651673e-02 9.836166816949843961e-01
5.651261476799845224e-02 9.816416835784911310e-01
5.199887981638312562e-02 9.828500163555147218e-01
5.453545533120631589e-02 9.824750167131425238e-01
5.628173556178807380e-02 9.811916846036917716e-01
5.359762037172911137e-02 9.823083502054212879e-01
5.605608796700833896e-02 9.812666845321653675e-01
5.427179073914885354e-02 9.819666838645936258e-01
4.870785405859350686e-02 9.842916816473009645e-01
5.701788708567619851e-02 9.808000165224075584e-01
5.225261924788354023e-02 9.826166832447049693e-01
5.021587710827587342e-02 9.837250155210497393e-01
4.748298101127146342e-02 9.847833478450775946e-01
5.274007924832402328e-02 9.827833497524257611e-01
4.720378885045645873e-02 9.841833478212357322e-01
4.931925680488348507e-02 9.835333490371700460e-01
5.425424093380570856e-02 9.819500166177749234e-01
5.187263477593660049e-02 9.826666831970214400e-01
5.449688300490380943e-02 9.815583503246306796e-01
5.068273512646555290e-02 9.837750154733659880e-01
4.696241479367018606e-02 9.841750150918957551e-01
5.090249085798859846e-02 9.830416828393934159e-01
5.296326870098709561e-02 9.825833499431608775e-01
4.790892245247962283e-02 9.841000151634216042e-01
5.174360757693648866e-02 9.830166828632356246e-01
4.911122801713645875e-02 9.837916815280913774e-01
4.750698704272507400e-02 9.843000149726868209e-01
5.373736002482474433e-02 9.823083496093746314e-01
5.103068552911280836e-02 9.833750152587893423e-01
4.256415324285628410e-02 9.860833466053009477e-01
5.072708214633168261e-02 9.827666831016540483e-01
4.721990289166570071e-02 9.843250149488449452e-01
4.892649242654442676e-02 9.842500144243238047e-01
4.844064505770803025e-02 9.842250150442125589e-01
4.678772954270242479e-02 9.845666801929476852e-01
4.969201321713627439e-02 9.832166814804076393e-01
4.457099109888076199e-02 9.855416798591615235e-01
4.458417266607284796e-02 9.855166804790498336e-01
4.751859378069638040e-02 9.840250146389007968e-01
4.795017104595900720e-02 9.839000153541564986e-01
5.603617612272500381e-02 9.819750171899793711e-01
4.941087247803806204e-02 9.837083488702772494e-01
4.873055862262845594e-02 9.839916819334031395e-01
4.610332429409028099e-02 9.848000144958497515e-01
4.842215052805842052e-02 9.845416808128355513e-01
4.824531424790622081e-02 9.845166814327238614e-01
4.510820964351296147e-02 9.849416810274125300e-01
4.106333877891303608e-02 9.866083461046216696e-01
4.392698014155029668e-02 9.852083468437196068e-01
4.117102096788585741e-02 9.869000124931335272e-01
4.677803884260357120e-02 9.843416815996171021e-01
4.560635520145297356e-02 9.845666813850403321e-01
4.704276051372291434e-02 9.840166819095611528e-01
4.215555780567228905e-02 9.862500131130219616e-01
4.335109775885938321e-02 9.856833469867706254e-01
4.233684193342922980e-02 9.856916803121564818e-01
4.408422433771195387e-02 9.856083470582961414e-01
4.078928866423665867e-02 9.866416794061658724e-01
4.690519969910384585e-02 9.847583478689194703e-01
4.608312074095009814e-02 9.848500144481658891e-01
4.473919726908208438e-02 9.853333467245101174e-01
3.989551823586223733e-02 9.867000126838686436e-01
4.518992652185261499e-02 9.854166793823245785e-01
4.237507237121462822e-02 9.859416800737381692e-01
4.684616474434732947e-02 9.846666812896730514e-01
4.427343655377626030e-02 9.852000141143799627e-01
4.377955053932965079e-02 9.851666808128359820e-01
4.464925455860794395e-02 9.849166810512545167e-01
4.431117326021193764e-02 9.854000139236446243e-01
3.926541860215365665e-02 9.871833455562595283e-01
4.284741241484882335e-02 9.855083471536636441e-01
4.500986428931354894e-02 9.853666806221007546e-01
4.532179342582820514e-02 9.855500137805935923e-01
3.837326858192684209e-02 9.872750121355057251e-01
4.320272094570101057e-02 9.859750127792358265e-01
4.087558865547179926e-02 9.861000132560728826e-01
4.051024137064816733e-02 9.865500128269195645e-01
4.059909163042903224e-02 9.864750128984453026e-01
3.995866009965538118e-02 9.867583459615708597e-01
4.339036040008068668e-02 9.858250135183335150e-01
4.513427407480774534e-02 9.851750141382216164e-01
3.905139021575448205e-02 9.870416790246964167e-01
3.935874061658978934e-02 9.869250124692913184e-01
3.973272170871495340e-02 9.869250118732452171e-01
3.976127265021203727e-02 9.863416796922684915e-01
4.080620808526873311e-02 9.865500128269195645e-01
4.442338142544031282e-02 9.847000145912166991e-01
4.079651322215795822e-02 9.866416794061660944e-01
4.179907376877963626e-02 9.861916798353196345e-01
3.837986680679024432e-02 9.870333456993104493e-01
4.158680282533169098e-02 9.862000125646590565e-01
4.388875630218534718e-02 9.854583472013477286e-01
3.770877206698059619e-02 9.874000120162965688e-01
3.778146630153059182e-02 9.873833453655243009e-01
4.093220557086169747e-02 9.858916801214216985e-01
4.231420589610934008e-02 9.858916801214215875e-01
4.357045566663144548e-02 9.855416804552077359e-01
3.777732235379516884e-02 9.876000112295146849e-01
3.632881883531809825e-02 9.879916781187060293e-01
3.874695889651775388e-02 9.870166790485380703e-01
3.892601784318686781e-02 9.871250122785569792e-01
3.835298652760685267e-02 9.876416784524919557e-01
4.059049280360340489e-02 9.859000134468078880e-01
4.279799650423228574e-02 9.859750127792358265e-01
3.914194861426949917e-02 9.867750126123427945e-01
3.930707417428491723e-02 9.868083459138871083e-01
4.055884690023959377e-02 9.864000129699707076e-01
4.162014846690000741e-02 9.858250129222869695e-01
4.466015814803541567e-02 9.852916806936263816e-01
3.827649768441914596e-02 9.875583451986309491e-01
3.455961545929313317e-02 9.884583443403246461e-01
3.942591059021654382e-02 9.867250120639798894e-01
4.182947940193115777e-02 9.857500135898590310e-01
4.122427773661913042e-02 9.868166786432264193e-01
3.976237582042811691e-02 9.867583459615704156e-01
4.174458796158432572e-02 9.869583457708362983e-01
4.079645164310933408e-02 9.866750127077101862e-01
3.665183173492550517e-02 9.877416783571245640e-01
4.132022685371339321e-02 9.865000128746033159e-01
4.154363687150181006e-02 9.863916796445844071e-01
3.984109446406362831e-02 9.863833463191984396e-01
3.741727176122367632e-02 9.881083446741101284e-01
4.268017378635705072e-02 9.858916801214216985e-01
4.057371947914360788e-02 9.861833459138873437e-01
4.133305643685161040e-02 9.864250123500825085e-01
4.019019990228116235e-02 9.865000128746029828e-01
4.034993590787051831e-02 9.866833460330963756e-01
