2.746587069034576611e+00 1.771291714906692849e-01
2.613517825603485445e+00 2.423583386838436271e-01
2.443898830413817613e+00 3.194895884394645114e-01
2.225532178878783629e+00 3.916687592864036005e-01
2.068843057155609344e+00 4.381291770935058505e-01
1.933636173009872561e+00 4.759270918369293280e-01
1.817499428987502608e+00 5.081729289889332923e-01
1.701191474199295506e+00 5.421937656402587846e-01
1.601610409021377635e+00 5.700958490371703657e-01
1.488451067209243694e+00 5.995020997524260764e-01
1.388773461580276258e+00 6.274625080823894585e-01
1.302537028789520157e+00 6.451583409309390449e-01
1.222365293502807315e+00 6.659854304790497892e-01
1.160860270261764526e+00 6.796375244855878961e-01
1.103372430801391468e+00 6.933791863918304932e-01
1.048911856412887200e+00 7.059916937351228272e-01
1.018644177913665683e+00 7.111416870355606878e-01
9.807263535261157017e-01 7.198750221729279808e-01
9.437389069795611984e-01 7.290041863918305109e-01
9.079329419136045187e-01 7.376291817426681163e-01
8.910168701410288161e-01 7.412562650442123813e-01
8.637559783458708118e-01 7.471145951747895086e-01
8.438285255432129706e-01 7.527354305982587590e-01
8.127650940418245096e-01 7.610645949840550983e-01
7.865242862701414817e-01 7.681979316473008801e-01
7.657039254903791337e-01 7.739541822671890392e-01
7.476527261734008389e-01 7.785666847229008036e-01
7.363927406072616755e-01 7.804583573341370428e-01
7.164416342973711771e-01 7.862479406595230813e-01
6.964966237545012762e-01 7.923437708616255515e-01
6.845626288652419955e-01 7.943604421615602096e-01
6.648929822444913373e-01 8.003396052122113691e-01
6.510109907388690331e-01 8.044062727689745840e-01
6.366761463880541427e-01 8.085979413986204012e-01
6.279339486360551170e-01 8.096312761306764250e-01
6.206103157997131525e-01 8.116708588600156649e-01
6.062556380033492509e-01 8.162250232696538488e-01
5.859732717275623060e-01 8.215041905641553566e-01
5.811461603641508988e-01 8.229000294208526078e-01
5.696617329120635675e-01 8.255958616733551914e-01
5.562598380446435176e-01 8.306312787532806885e-01
5.425893092155454900e-01 8.345604425668716742e-01
5.362554389238357588e-01 8.359375286102296299e-01
5.254891070723535229e-01 8.395750230550766968e-01
5.209885382652285069e-01 8.393729400634762916e-01
5.066666683554649220e-01 8.443250244855881048e-01
5.025951778888702037e-01 8.451416885852813810e-01
4.963309890031815663e-01 8.476896017789844473e-01
4.875115069746972507e-01 8.494125247001649281e-01
4.811289247870444430e-01 8.518666827678680331e-01
4.736019507050513444e-01 8.543979340791703070e-01
4.712319636344909912e-01 8.547750139236447442e-01
4.499278140068055376e-01 8.616208493709562877e-01
4.485939577221870200e-01 8.617333519458770796e-01
4.477397301793099027e-01 8.611041849851611696e-01
4.385561010241506574e-01 8.645562678575517968e-01
4.355942091345787470e-01 8.654395961761475187e-01
4.221084207296373347e-01 8.689895939826963733e-01
4.219412526488304782e-01 8.695104330778123947e-01
4.152316966652870867e-01 8.713229280710220737e-01
4.119911941885947559e-01 8.720437639951708064e-01
4.033889526128768832e-01 8.746375137567521385e-01
3.988946726918219943e-01 8.759395951032641348e-01
3.919306862354277610e-01 8.783979302644728815e-01
3.952200844883919095e-01 8.772645980119706532e-01
3.888023793697357733e-01 8.786833447217945459e-01
3.846556341648101895e-01 8.800375086069105457e-01
3.791671845316886280e-01 8.816937583684922863e-01
3.825582572817802784e-01 8.806312638521194280e-01
3.676917949318885825e-01 8.857895970344544789e-01
3.657738873362540444e-01 8.861645984649657581e-01
3.646792438626288990e-01 8.863541758060454745e-01
3.645561990141867881e-01 8.866812652349472801e-01
3.706503966450692134e-01 8.841145956516265336e-01
3.564587953686715882e-01 8.888416785001758136e-01
3.541993862390518388e-01 8.897708487510681552e-01
3.499317046999931846e-01 8.913062638044360053e-01
3.502601173520089040e-01 8.907875090837479304e-01
3.426646503806115573e-01 8.923979252576830223e-01
3.375043433904648671e-01 8.950875127315520707e-01
3.408244645595549516e-01 8.932291811704637929e-01
3.371368622779846169e-01 8.947854322195050170e-01
3.322276860475538718e-01 8.959125125408173851e-01
3.303505614399908641e-01 8.965062600374220647e-01
3.330075415968897778e-01 8.959875130653381925e-01
3.326111319661140819e-01 8.954229313135146917e-01
3.221239811182021739e-01 8.985541778802872415e-01
3.214642044901847573e-01 8.992958462238309636e-01
3.205217838287353627e-01 8.998645931482314175e-01
3.135869297385216470e-01 9.021646028757092095e-01
3.176635402441024825e-01 9.001104325056078492e-01
3.129364401102067150e-01 9.018375134468082921e-01
3.110121046006679713e-01 9.023166841268537297e-01
3.152694812417030645e-01 9.009312623739240689e-01
3.019713854789732865e-01 9.052770978212356656e-01
3.072024649381638328e-01 9.031583499908447665e-01
3.089581230282782420e-01 9.031500101089475763e-01
3.088436314463616217e-01 9.027270996570584405e-01
3.010630470514296664e-01 9.055541801452636763e-01
3.011575740575790361e-01 9.052437698841097058e-01
2.988636925816536283e-01 9.060291844606396250e-01
2.958045491576195563e-01 9.067354363203051770e-01
3.008808192610741283e-01 9.055041867494583174e-01
2.927462917566301392e-01 9.076646047830579933e-01
2.952473370730878122e-01 9.068979364633563689e-01
2.893840080499648360e-01 9.089229381084441561e-01
2.918977648019790982e-01 9.074812680482863270e-01
2.895427025854589997e-01 9.088021004199982045e-01
2.906318886578083127e-01 9.080250227451325262e-01
2.865681390464304146e-01 9.097166901826858609e-01
2.873597198724746060e-01 9.093833529949186811e-01
2.833892324566840704e-01 9.108604383468625887e-01
2.815692156553268877e-01 9.111854356527332444e-01
2.844188308715822622e-01 9.102541822195049370e-01
2.790964238345622350e-01 9.119896012544631558e-01
2.806201165914535278e-01 9.117896020412445957e-01
2.769317314028740262e-01 9.127021068334579823e-01
2.808785594999789748e-01 9.113291877508163941e-01
2.748981949687003268e-01 9.133104372024537509e-01
2.747526471316813490e-01 9.129396075010299816e-01
2.732313176989554226e-01 9.139125233888625299e-01
2.733685648441314120e-01 9.133041888475416092e-01
2.700102476775647076e-01 9.146416866779326638e-01
2.655499181151390053e-01 9.165291863679888573e-01
2.708500452339649422e-01 9.142562705278398649e-01
2.667241461575031725e-01 9.157666891813278642e-01
2.673838628828525410e-01 9.154041880369183648e-01
2.661736576259137732e-01 9.162500184774399203e-01
2.619199378788470423e-01 9.170146065950391945e-01
2.594074718654156286e-01 9.178416931629179709e-01
2.622613957524300710e-01 9.167875218391419168e-01
2.648719781637191018e-01 9.164271038770676059e-01
2.585712003707885120e-01 9.186625212430953313e-01
2.590771350264549078e-01 9.182041990756985017e-01
2.532600447535515720e-01 9.192875236272812778e-01
2.578315521776675112e-01 9.184312754869460305e-01
2.636805772781373181e-01 9.164041912555691560e-01
2.546470221877097373e-01 9.198687738180161277e-01
2.553087277710438530e-01 9.190166872739790049e-01
2.549830989539624837e-01 9.187500232458115645e-01
2.505789090692998600e-01 9.202375268936159314e-01
2.521399877965451175e-01 9.199750244617462824e-01
2.522683769464491577e-01 9.195562767982482510e-01
2.476157310605049122e-01 9.217271083593370218e-01
2.502229501307008941e-01 9.201562744379044867e-01
2.466407860815525710e-01 9.217125231027604171e-01
2.542683143913745392e-01 9.194021111726760065e-01
2.430100251734257089e-01 9.226041966676710171e-01
2.482480551302433669e-01 9.211271041631698964e-01
2.473852580785750876e-01 9.214125221967698343e-01
2.409115014970303059e-01 9.234979438781736327e-01
2.408812259137630141e-01 9.240958523750306686e-01
2.438058812916280294e-01 9.225646090507505503e-01
2.388992607593536932e-01 9.240625268220903354e-01
2.449508854746818565e-01 9.219312769174579092e-01
2.454240337014198525e-01 9.220166939496992065e-01
2.361751431226730702e-01 9.243291968107222312e-01
2.386989337205886186e-01 9.240687751770018110e-01
2.422341449558734205e-01 9.224458652734757180e-01
2.371666276454925670e-01 9.248166996240617665e-01
2.434376908838749021e-01 9.220750266313554322e-01
2.341475869715214098e-01 9.251896131038666038e-01
2.423442073166370003e-01 9.231354451179503151e-01
2.342405951023101285e-01 9.250958615541459151e-01
2.349476134777069569e-01 9.255708599090576305e-01
2.403335821628569402e-01 9.235291945934298585e-01
2.399068215489387201e-01 9.234416925907137363e-01
2.318573391437530329e-01 9.261687791347504861e-01
2.280344225466251762e-01 9.271458625793459474e-01
2.281012691557407490e-01 9.269125276803973357e-01
2.297911600768567097e-01 9.264833647012713502e-01
2.280086730420589625e-01 9.266666990518569458e-01
2.285240770876407201e-01 9.273000329732896674e-01
2.323215797543526084e-01 9.263854491710662442e-01
2.342540024220944039e-01 9.251291948556901179e-01
2.296161456406115575e-01 9.265354424715043224e-01
2.314114058017731346e-01 9.263833636045453179e-01
2.263575449585914778e-01 9.278750270605087280e-01
2.273134697973728524e-01 9.272708660364151756e-01
2.255988459289073600e-01 9.280687832832337225e-01
2.287680391967297500e-01 9.270875281095505294e-01
2.261749510467052915e-01 9.275458657741545432e-01
2.235804818570613917e-01 9.285708636045457709e-01
2.216422922909259685e-01 9.295500284433363403e-01
2.253617164492607572e-01 9.280187809467317361e-01
2.278350062668323683e-01 9.269458645582198120e-01
2.217856875061988697e-01 9.290708607435225197e-01
2.208998486399650629e-01 9.289729487895962423e-01
2.206296646595002076e-01 9.295812839269637085e-01
2.252766729891300113e-01 9.280916947126389704e-01
2.222859920561313651e-01 9.291021180152890802e-01
2.200570589303970370e-01 9.297812831401824907e-01
2.174715930223465321e-01 9.304479509592056274e-01
2.174945856630802199e-01 9.299792009592054987e-01
2.176965893805026808e-01 9.305062764883041959e-01
2.240807254612446064e-01 9.281271153688430697e-01
2.162272554636001654e-01 9.305041998624801192e-01
2.157075719535350711e-01 9.311187857389447986e-01
2.088911761343479334e-01 9.333104526996615080e-01
2.203973153233527993e-01 9.294208621978758966e-01
