2.410592920780180837e+00 3.584458407759665288e-01
2.011781046390534122e+00 5.108479234576225325e-01
1.751806988716125169e+00 5.969083428382874201e-01
1.521997151374817392e+00 6.674771004915239780e-01
1.280617254972458596e+00 7.313791823387143509e-01
1.074847670793533050e+00 7.735271066427232833e-01
9.227511900663377675e-01 8.038875257968902677e-01
8.062914180755617055e-01 8.253791987895963134e-01
7.163806909322740779e-01 8.418750226497649924e-01
6.456644743680952647e-01 8.540437734127045433e-01
5.858693623542785556e-01 8.652312612533572533e-01
5.433863520622250753e-01 8.708937662839888461e-01
4.989388856291771535e-01 8.806687641143798873e-01
4.747821766138076161e-01 8.826854246854780595e-01
4.384194558858872659e-01 8.914250069856639591e-01
4.134110733866691034e-01 8.955375057458876409e-01
3.936225056648253728e-01 8.984062612056731290e-01
3.743088376522064609e-01 9.029812592267989491e-01
3.549156501889229043e-01 9.065271049737929632e-01
3.414780655503271700e-01 9.094375199079515193e-01
3.262930831313133884e-01 9.127396035194396129e-01
3.108599561452864979e-01 9.161250251531598554e-01
3.006831869482994857e-01 9.183583545684809168e-01
2.893331317603587416e-01 9.203291916847229359e-01
2.771336399018764496e-01 9.238104432821273582e-01
2.753291258215905812e-01 9.231166958808900702e-01
2.595624935626983931e-01 9.276083660125732377e-01
2.543078489601611203e-01 9.281125348806382735e-01
2.486598891019821400e-01 9.297917032241819202e-01
2.440342053771018538e-01 9.308916991949079955e-01
2.316173642873764760e-01 9.345542037487032383e-01
2.298938255012035192e-01 9.343854528665542780e-01
2.227670621871948309e-01 9.363750386238097745e-01
2.203033813834190391e-01 9.361875337362290939e-01
2.109861294925212127e-01 9.393271183967589755e-01
2.050677753984927743e-01 9.408583718538285900e-01
2.032192340493202409e-01 9.410646158456802413e-01
1.989414733648300071e-01 9.418396222591398637e-01
1.967315873503685530e-01 9.423229527473448996e-01
1.918428678810595867e-01 9.436958688497543157e-01
1.898042041063309482e-01 9.437458735704420398e-01
1.825690552592277305e-01 9.464062875509263728e-01
1.833597004413605458e-01 9.452500367164615724e-01
1.785849313437938013e-01 9.468062907457351907e-01
1.740024639666080397e-01 9.483937942981720548e-01
1.742037864029407079e-01 9.480354553461071143e-01
1.701056818664073711e-01 9.490542048215866444e-01
1.646742708981037417e-01 9.508458757400514161e-01
1.668787150084972137e-01 9.495604562759399903e-01
1.639997854828834367e-01 9.503771203756332664e-01
1.624383760988713510e-01 9.508687871694559979e-01
1.587863661348820066e-01 9.524083721637726097e-01
1.597076556086540200e-01 9.510792094469071589e-01
1.549708670377731856e-01 9.529354572296141468e-01
1.512674888968467413e-01 9.540500372648240690e-01
1.516556963324546814e-01 9.538292098045350054e-01
1.496102879941463848e-01 9.542396205663677966e-01
1.471545432507991580e-01 9.551000380516051491e-01
1.481873090565204720e-01 9.542583703994750310e-01
1.441791693121194373e-01 9.559437900781633246e-01
1.448836062848568029e-01 9.551833653450008121e-01
1.396944522857665461e-01 9.571896165609359297e-01
1.407050069421530436e-01 9.563062864542009045e-01
1.369165561348199833e-01 9.575604492425917602e-01
1.358296608179807852e-01 9.577146202325822477e-01
1.351652097702026045e-01 9.578292047977445822e-01
1.347669006139040337e-01 9.583000385761261120e-01
1.317019683122634677e-01 9.591500347852703889e-01
1.311234839260577711e-01 9.594896149635314675e-01
1.305238629132508543e-01 9.593167048692703425e-01
1.303263870626687193e-01 9.591250342130662743e-01
1.296661794185638428e-01 9.594667083024976950e-01
1.289998237043619433e-01 9.597854542732238148e-01
1.268527887761592421e-01 9.600625365972518255e-01
1.266229502856731359e-01 9.602708685398102517e-01
1.252014627307653227e-01 9.605792009830476097e-01
1.228508846461772996e-01 9.610729539394374799e-01
1.214796750247478657e-01 9.615500324964523227e-01
1.217863180488347880e-01 9.614667057991033161e-01
1.192492873221635830e-01 9.622083699703216642e-01
1.172483766824007623e-01 9.628875321149827915e-01
1.183410792052745908e-01 9.625729507207873015e-01
1.154798978567123657e-01 9.636729496717451049e-01
1.136457785964011952e-01 9.643333643674848465e-01
1.160273928195238585e-01 9.633271145820618830e-01
1.135627041012049060e-01 9.639479511976239978e-01
1.118306764960289162e-01 9.647041946649549393e-01
1.151302222907542999e-01 9.632562810182569990e-01
1.153194815665483652e-01 9.631271129846571410e-01
1.139029922336340234e-01 9.635750323534011397e-01
1.118122722208499675e-01 9.645146197080614048e-01
1.090344624966382847e-01 9.656000316143035223e-01
1.085772289335727170e-01 9.653958660364153621e-01
1.103215932846069169e-01 9.648416954278943303e-01
1.081244964897632443e-01 9.654979461431502097e-01
1.069842046499252519e-01 9.661771136522292469e-01
1.077856156229973078e-01 9.655333679914470668e-01
1.054088934510946235e-01 9.663562810420989191e-01
1.026004049181938327e-01 9.675166976451872181e-01
1.048470298200845363e-01 9.662708640098570667e-01
1.006632592529058401e-01 9.678750258684158947e-01
1.038086548447609003e-01 9.669750303030013594e-01
1.040287864953279712e-01 9.665687805414199252e-01
1.040270765125751729e-01 9.662104487419129750e-01
1.016381252557039122e-01 9.671812784671780516e-01
1.020780333876609713e-01 9.670000296831129383e-01
1.031942525506019531e-01 9.668562781810761120e-01
9.978167943656442163e-02 9.678875303268430486e-01
9.976566851139069547e-02 9.676812815666199219e-01
9.925599135458468281e-02 9.679604512453080511e-01
9.818135082721711482e-02 9.684562760591508557e-01
9.709834761917587875e-02 9.687666940689086958e-01
9.773944571614265331e-02 9.681021094322207476e-01
9.793033726513387938e-02 9.683833599090573285e-01
9.969150371849537506e-02 9.678916943073274659e-01
9.505230732262132110e-02 9.689312803745269154e-01
9.666972205042836941e-02 9.686271119117736417e-01
9.813564017415038476e-02 9.682854461669920809e-01
9.787360981106757452e-02 9.681333625316618230e-01
9.600379310548305678e-02 9.687521123886110308e-01
9.395250119268892808e-02 9.696437817811964788e-01
9.382910057902335565e-02 9.694250285625456431e-01
9.437055155634878345e-02 9.692166990041732877e-01
9.521140225231650156e-02 9.688500267267227128e-01
9.559287101030353173e-02 9.688562762737270573e-01
9.200051434338092637e-02 9.702521109580992675e-01
9.314851805567742060e-02 9.695916980504988292e-01
9.351318426430221820e-02 9.695708549022674649e-01
9.349276937544347132e-02 9.693416953086853027e-01
9.226397097110747292e-02 9.698375254869461282e-01
9.194282278418540455e-02 9.701229429244996316e-01
9.196161966770888263e-02 9.700062763690947554e-01
9.071051687002183728e-02 9.703666949272155007e-01
9.013033099472522736e-02 9.705250257253645874e-01
8.994460314512257859e-02 9.705896085500718140e-01
9.060734599828723645e-02 9.706833606958386040e-01
8.859818056225775285e-02 9.711854434013366122e-01
8.760252006351949838e-02 9.713646072149277888e-01
8.959715582430363701e-02 9.707250273227689963e-01
9.017112299799914799e-02 9.701896101236342496e-01
8.753139302134514688e-02 9.711021131277083329e-01
8.818964775651691457e-02 9.710979419946671465e-01
8.906678289175037899e-02 9.707916927337645330e-01
8.639586493372916620e-02 9.717458617687224631e-01
8.771651469171048987e-02 9.711771100759507558e-01
8.679682560265067348e-02 9.715562748908999069e-01
8.522243592888117947e-02 9.722541856765747337e-01
8.444726940244436098e-02 9.725166940689088380e-01
8.694469526410100735e-02 9.713250237703323631e-01
8.457645535469053566e-02 9.724021089076995139e-01
8.336146242916582516e-02 9.724312746524812479e-01
8.370660081505773564e-02 9.727208638191224832e-01
8.761360764503479948e-02 9.711896109580995251e-01
8.280121300369501502e-02 9.728771120309824827e-01
8.298581551760433883e-02 9.724375259876251176e-01
8.326034080237149082e-02 9.723416912555692404e-01
8.385709661990406460e-02 9.723146063089371793e-01
8.230445694178344096e-02 9.729666912555694491e-01
8.489013612270353282e-02 9.720666933059691761e-01
8.278187688440084846e-02 9.727583599090577904e-01
8.484826810657976337e-02 9.720437759160992508e-01
8.147044159471986124e-02 9.732021105289458962e-01
8.159900758415458699e-02 9.732479393482208474e-01
8.304339569061996995e-02 9.724916929006577337e-01
8.209685008972882059e-02 9.729291963577272329e-01
8.075531907379628060e-02 9.738937711715698331e-01
8.271600179374218043e-02 9.726583594083784146e-01
8.001438669860362618e-02 9.736125218868252329e-01
8.163632225245238960e-02 9.731750226020813299e-01
8.148753140121699212e-02 9.729666894674303679e-01
8.168812230229377525e-02 9.727729403972626976e-01
7.773722447454932405e-02 9.744791918993002122e-01
7.955885559320446943e-02 9.735562747716904886e-01
8.166372470557688168e-02 9.729875278472901456e-01
8.223061848431828524e-02 9.725833553075791116e-01
8.066294729709624911e-02 9.734687733650211339e-01
8.018395457416772898e-02 9.736541903018948174e-01
7.950285110622642981e-02 9.733437752723698155e-01
8.087768573313952603e-02 9.731771039962769931e-01
7.793227799236776554e-02 9.743896073102950028e-01
7.732942182570697043e-02 9.744271075725556841e-01
7.991359509527687366e-02 9.736750280857086048e-01
7.804944962263109243e-02 9.742896080017088289e-01
7.758872956037521362e-02 9.743229389190674050e-01
7.602999053895473369e-02 9.749729371070864348e-01
7.833774935454131116e-02 9.739812743663787131e-01
8.104197494685648484e-02 9.728541910648349500e-01
7.878954965621234874e-02 9.737187755107881149e-01
7.543586820363999690e-02 9.750583577156066717e-01
7.672164887189868165e-02 9.744479399919508955e-01
7.472759775817397476e-02 9.756250196695326338e-01
7.684033315628764627e-02 9.745646071434019841e-01
7.960837084800005681e-02 9.731708598136902255e-01
7.772176191210745932e-02 9.740354424715046422e-01
7.794341225177052468e-02 9.741375243663789041e-01
7.544703453779220970e-02 9.751375252008439576e-01
7.509622745215892292e-02 9.750354403257369684e-01
7.603406194597482626e-02 9.747437679767607666e-01
7.764710377901794247e-02 9.744979399442674772e-01
7.615780431777235959e-02 9.744771087169646906e-01
