1.156483736038207866e+00 5.726916778087616233e-01
9.506791156530380871e-01 6.750166833400724764e-01
7.729674726724624634e-01 7.441250139474867575e-01
6.554745906591411542e-01 7.811666846275331366e-01
5.852330452203751143e-01 8.055333554744715796e-01
5.339280670881270119e-01 8.193000251054767258e-01
4.917819026112555392e-01 8.345916867256166771e-01
4.783389970660210655e-01 8.364250206947327904e-01
4.395222908258438199e-01 8.505166864395142801e-01
3.973770779371261219e-01 8.661166852712629538e-01
3.879336035251618742e-01 8.676083475351334950e-01
3.575483497977256508e-01 8.787833499908445090e-01
3.521178984642028831e-01 8.794083476066589800e-01
3.273951499164104439e-01 8.886583513021469871e-01
3.097199639677999938e-01 8.953250175714493331e-01
3.023229132592678559e-01 8.974750208854676004e-01
2.848460833728313490e-01 9.036750239133835017e-01
2.731231591105459100e-01 9.081500196456911977e-01
2.730194671452047528e-01 9.077416890859604237e-01
2.622534254193304437e-01 9.116750329732895564e-01
2.623746262490749825e-01 9.109333646297457232e-01
2.509898349642752935e-01 9.144000303745268843e-01
2.524768802523611466e-01 9.132583618164062944e-01
2.341550889611243580e-01 9.208167046308518566e-01
2.384941841661930018e-01 9.185833644866946424e-01
2.384901276230812217e-01 9.186750328540803645e-01
2.290974901616573689e-01 9.215917032957076094e-01
2.317064277827738938e-01 9.205250358581542613e-01
2.173352721333503823e-01 9.267833745479581165e-01
2.196002493798732969e-01 9.243083703517912531e-01
2.122320465743541273e-01 9.279000341892243986e-01
2.125079372525215393e-01 9.274250417947771385e-01
2.034386847168206391e-01 9.310833722352982456e-01
2.134675779938697837e-01 9.271583747863771929e-01
2.027324573695659937e-01 9.308917057514189963e-01
2.004100852459669568e-01 9.311417049169539162e-01
1.987977981567383701e-01 9.323667091131208062e-01
1.965193004906177210e-01 9.333250397443768609e-01
1.842716781795024905e-01 9.370333784818649647e-01
1.916803085058927658e-01 9.343667060136793268e-01
1.906164727360009636e-01 9.342750370502473922e-01
1.872891487926244825e-01 9.368833768367771375e-01
1.762382414191960844e-01 9.403917104005817817e-01
1.822442148625849911e-01 9.378000426292419922e-01
1.820060332119465274e-01 9.383917069435117053e-01
1.812745487689971513e-01 9.377167069911954700e-01
1.751937988400460167e-01 9.395500409603120273e-01
1.789238692820072085e-01 9.393917077779766478e-01
1.711190896481275814e-01 9.412917125225065407e-01
1.674581183493137337e-01 9.437667083740234331e-01
1.716046160459518410e-01 9.411417096853258446e-01
1.705653056502342280e-01 9.417333739995956687e-01
1.694049450010061686e-01 9.421333718299865767e-01
1.621481529623269857e-01 9.446417117118834916e-01
1.628251425921916906e-01 9.448500394821165438e-01
1.528460031747818082e-01 9.477750426530837657e-01
1.629141657799482446e-01 9.453083705902102230e-01
1.578081552684307554e-01 9.467000395059584905e-01
1.586729214340449612e-01 9.465083730220794633e-01
1.546150852739810455e-01 9.472500383853910133e-01
1.516403711587190617e-01 9.472417074441911167e-01
1.566488170623779597e-01 9.467583751678468884e-01
1.463112749159335702e-01 9.500833719968792002e-01
1.481214406341313794e-01 9.497000426054000854e-01
1.498435315489769493e-01 9.497833728790285868e-01
1.473905993252992708e-01 9.500000393390654052e-01
1.455334247648716328e-01 9.503417062759399458e-01
1.467165937274694243e-01 9.496583741903308340e-01
1.357771036773919582e-01 9.536333739757536510e-01
1.469988018274307195e-01 9.496500396728516646e-01
1.405115525424479872e-01 9.522333717346191939e-01
1.405699400603771243e-01 9.521500384807586315e-01
1.476511052995920781e-01 9.491500413417812698e-01
1.401370024681091730e-01 9.519583702087404120e-01
1.375060895085335744e-01 9.536917036771772604e-01
1.377815715223551507e-01 9.532083737850189920e-01
1.356385042518376272e-01 9.540250372886655006e-01
1.375873515754937881e-01 9.527083742618560613e-01
1.436417461559175712e-01 9.506750375032426703e-01
1.260323655605315729e-01 9.573667031526565951e-01
1.321986241638660464e-01 9.552667039632798396e-01
1.294445262849331091e-01 9.556917065382005694e-01
1.302715480327605868e-01 9.552667045593260520e-01
1.278055787086487538e-01 9.566500347852704422e-01
1.296559076011180311e-01 9.563333708047867532e-01
1.323402547091246106e-01 9.542417061328886119e-01
1.269496635347604485e-01 9.570417034626009789e-01
1.290815609693526933e-01 9.564500379562378418e-01
1.175305733084679310e-01 9.601333683729171842e-01
1.207794033735990480e-01 9.586750358343124612e-01
1.191258487850427455e-01 9.593667006492613281e-01
1.211193251609802291e-01 9.587083697319029874e-01
1.156580296903848420e-01 9.606667011976239845e-01
1.235966715216636480e-01 9.574583727121357413e-01
1.140634910762310522e-01 9.620000332593918735e-01
1.220980414748192022e-01 9.587750351428987461e-01
1.172633079439401316e-01 9.601167017221454714e-01
1.118233814090490164e-01 9.615500342845916260e-01
1.136808177083730304e-01 9.616167002916335971e-01
1.168980082869529452e-01 9.603833687305450839e-01
1.141396387666463730e-01 9.611667001247400366e-01
1.134891229867935059e-01 9.616083699464800238e-01
1.130809791386127444e-01 9.618833667039871083e-01
1.173439315706491515e-01 9.603833669424056696e-01
1.095290065184235384e-01 9.633000338077546409e-01
1.116004813462495721e-01 9.626167005300518831e-01
1.071797432750463686e-01 9.637083661556244962e-01
1.121273614466190699e-01 9.623833680152894532e-01
1.160069657862186493e-01 9.604583668708797095e-01
1.093987394869327806e-01 9.629417002201079434e-01
1.082514159753918404e-01 9.640583658218383478e-01
1.140780070051550799e-01 9.609750354290009788e-01
1.104099936783313751e-01 9.632250332832335005e-01
1.087384860590100144e-01 9.633833664655685469e-01
1.054899627342820168e-01 9.649333643913270420e-01
1.015980882570147181e-01 9.660333615541459862e-01
1.026075517013669280e-01 9.656416964530943892e-01
1.050921689346432653e-01 9.641750323772427800e-01
1.002649774029850671e-01 9.665833640098571156e-01
1.017865024879574531e-01 9.657666981220248692e-01
1.036303868889808522e-01 9.648416972160337446e-01
1.022067444398999103e-01 9.651916974782943637e-01
1.026301592215895925e-01 9.648583656549453158e-01
1.031997131183743366e-01 9.652833646535874390e-01
9.976334970444440675e-02 9.665333640575412000e-01
1.067498625814914948e-01 9.637500339746473133e-01
1.038239100202917875e-01 9.655583626031873923e-01
1.005874578654766122e-01 9.671916967630382889e-01
9.969970766454942790e-02 9.665500307083131348e-01
9.910960692912340608e-02 9.669583624601366667e-01
1.005104824900627386e-01 9.654916977882382900e-01
9.580330718308684157e-02 9.677333635091783792e-01
9.587731752544639829e-02 9.681250286102294211e-01
9.761342097073794077e-02 9.675583624839780850e-01
9.553721323609352944e-02 9.690250271558761286e-01
9.071038600057365620e-02 9.696083617210385919e-01
9.546178475022316923e-02 9.680333620309828913e-01
9.559271931648255505e-02 9.675333631038663951e-01
9.690896630287169911e-02 9.666000318527223634e-01
8.996199537068604035e-02 9.695000278949738037e-01
9.108739968389271968e-02 9.691833621263502563e-01
9.282591704279183342e-02 9.687833619117734996e-01
9.609291132539511671e-02 9.674666970968242019e-01
9.386577330529687069e-02 9.682250291109086859e-01
9.252441443502901208e-02 9.688000279664992220e-01
9.439075022935865256e-02 9.672166949510575540e-01
9.026188082993029382e-02 9.698250281810764095e-01
8.765776660293342348e-02 9.704916942119601320e-01
8.905810728669166787e-02 9.709000277519225230e-01
9.306415498256682961e-02 9.691083616018295599e-01
9.526704393327234399e-02 9.680833631753920088e-01
8.680988807231183879e-02 9.701916939020156505e-01
9.015410594642159214e-02 9.694750273227691340e-01
8.753663435578347418e-02 9.703416943550106089e-01
8.966939400881529521e-02 9.694416958093642345e-01
8.133594959974285721e-02 9.731916904449465777e-01
9.244752146303653051e-02 9.685416948795320113e-01
9.377508617937567459e-02 9.685583627223970371e-01
8.565180819481610364e-02 9.710666930675507791e-01
8.658357445150614840e-02 9.706916916370392778e-01
8.765233412384988709e-02 9.704916930198665970e-01
8.724686920642846233e-02 9.703833603858947887e-01
8.417548334226007678e-02 9.713333606719970481e-01
8.092656310647725060e-02 9.727666926383966572e-01
8.596957467496396665e-02 9.706750279664995151e-01
8.518494114279745455e-02 9.712666940689085315e-01
8.183740785345436364e-02 9.725666916370390158e-01
8.136211488395932168e-02 9.733416920900345159e-01
8.187970999628306490e-02 9.723833590745926125e-01
8.056478716433047860e-02 9.723750263452533016e-01
8.495027419179676520e-02 9.713250261545183228e-01
8.587510094046596487e-02 9.707500272989272316e-01
8.322240993380547458e-02 9.722500264644619028e-01
8.468253377825021855e-02 9.712583595514294732e-01
7.975661743432280182e-02 9.731166911125183061e-01
8.353520371019841628e-02 9.717083591222761552e-01
7.920191710814832031e-02 9.732166922092437833e-01
8.320349272340535340e-02 9.722500246763227105e-01
8.085252854973080938e-02 9.724000257253648805e-01
8.255617666989563397e-02 9.720500266551970192e-01
7.901290532201529770e-02 9.740666908025740200e-01
7.585779914632440057e-02 9.747083562612531837e-01
8.442096821963784858e-02 9.711166942119598966e-01
8.494580414146185587e-02 9.709250265359876675e-01
7.272438008338212578e-02 9.764583551883695423e-01
8.244202386587856646e-02 9.729083585739137785e-01
8.166867367923261178e-02 9.730083584785460538e-01
8.297086760401724270e-02 9.719333577156067383e-01
8.878492556512355971e-02 9.701083606481550881e-01
8.422875951975580811e-02 9.718916922807695480e-01
8.217206493020054459e-02 9.724916923046115214e-01
7.618222709745169074e-02 9.744333565235140382e-01
7.816488243639470312e-02 9.732500255107878750e-01
8.310557380318638054e-02 9.717666923999787043e-01
7.922736681997774588e-02 9.740750241279600985e-01
7.759680856019260387e-02 9.732750254869458884e-01
7.802119735628365582e-02 9.738833582401273947e-01
8.078561235219242076e-02 9.726000261306765315e-01
8.095328530296680425e-02 9.727250260114671532e-01
7.834202468395234931e-02 9.745833569765091076e-01
