8.001060229539869173e-01 7.889916849136354715e-01
5.154393798112870684e-01 8.674000138044362096e-01
3.988579007983206193e-01 8.924583548307417624e-01
3.274477368593216031e-01 9.103833538293837346e-01
2.838030478358268827e-01 9.202750378847122104e-01
2.595628152787686771e-01 9.246667069196703448e-01
2.265431189537048251e-01 9.356917065382004406e-01
2.113872247934341919e-01 9.355917072296141557e-01
1.877858133614062619e-01 9.445250439643859686e-01
1.713225296139717635e-01 9.489833754301068014e-01
1.576242069154977221e-01 9.528083741664886697e-01
1.522409915179014639e-01 9.532417082786553975e-01
1.395848833769559594e-01 9.578333717584612828e-01
1.314417000114918299e-01 9.596000361442567073e-01
1.268233050405978557e-01 9.612583684921265359e-01
1.230241601169109328e-01 9.618917030096052478e-01
1.178734787553548935e-01 9.636916995048521173e-01
1.110281916707753780e-01 9.652583652734754160e-01
1.087054153531789580e-01 9.661833649873731167e-01
1.074570703878998251e-01 9.663166981935499278e-01
1.042626349255442592e-01 9.671166980266572288e-01
9.864877991378306898e-02 9.687750297784804010e-01
9.725283265113826570e-02 9.688500285148621272e-01
9.111199978739020766e-02 9.713583606481555055e-01
9.033621437847610958e-02 9.717916935682298085e-01
9.172761492431162622e-02 9.701916950941089635e-01
8.726279951632022469e-02 9.719916933774948031e-01
8.493316423147920236e-02 9.731666922569275346e-01
8.445909913629294496e-02 9.733083581924439898e-01
7.800279051065442393e-02 9.750250238180160345e-01
8.165383119136090939e-02 9.734750252962114381e-01
8.242434572428465611e-02 9.737250226736069436e-01
7.576784674078224091e-02 9.754250234365464678e-01
7.392114352434871194e-02 9.769166886806487371e-01
7.650575194507835963e-02 9.751750236749650025e-01
7.213510736823081082e-02 9.772000217437746272e-01
7.306810077279808635e-02 9.764500224590304533e-01
7.244629193097353037e-02 9.763833558559418258e-01
7.294223118573429920e-02 9.760666888952257425e-01
7.287102717906235316e-02 9.758750224113462712e-01
6.963387187570332926e-02 9.770833551883700840e-01
7.600560043007133226e-02 9.748500239849094973e-01
6.909703776240347373e-02 9.776166880130771064e-01
6.788246668875212719e-02 9.780083543062205731e-01
6.717254694551229310e-02 9.779500210285185791e-01
6.469302337616683607e-02 9.786000204086303667e-01
6.661080207675695863e-02 9.785416865348818272e-01
6.173309367150068422e-02 9.801166856288912044e-01
6.473860416561366682e-02 9.784666866064073432e-01
6.456286987289788781e-02 9.787000203132629750e-01
6.294852277264000040e-02 9.798500192165373601e-01
6.593141250312326007e-02 9.779833543300631149e-01
6.432589489966630825e-02 9.783083534240720747e-01
6.008148204535244952e-02 9.804666852951047229e-01
6.039471672847866734e-02 9.798916852474209849e-01
5.628508105874061029e-02 9.816083508729936957e-01
5.836681433022024301e-02 9.807666850090025479e-01
5.810460893437265073e-02 9.807166850566864102e-01
6.026298452168700470e-02 9.797666859626766866e-01
5.892090145498515147e-02 9.806166851520535799e-01
5.971161659806967226e-02 9.802916842699048727e-01
5.749158272519707541e-02 9.808083516359327181e-01
5.728024676442145663e-02 9.810750180482865623e-01
5.662803860381247778e-02 9.810833513736720857e-01
5.480412529781461539e-02 9.820083504915240180e-01
5.380395667627456413e-02 9.824416834115980990e-01
5.370632886886597679e-02 9.822250169515606144e-01
5.295588800683618397e-02 9.826000165939333675e-01
5.607674386352300144e-02 9.812750178575515569e-01
5.276497507467867165e-02 9.827250164747241001e-01
5.469318700954318296e-02 9.818250173330306252e-01
5.172811949625614331e-02 9.829916828870769452e-01
5.153342228382826878e-02 9.830916827917099976e-01
5.227783702313901215e-02 9.832166826725006192e-01
5.319469064474107584e-02 9.821333503723144176e-01
5.204448113217947230e-02 9.824083501100538962e-01
5.229352150112391573e-02 9.829250162839892058e-01
5.128804624080657293e-02 9.829250162839888727e-01
5.103518260642884302e-02 9.825500166416165637e-01
4.768387757241725200e-02 9.844166815280914751e-01
4.835736114531755114e-02 9.842833477258681185e-01
5.373482038266956529e-02 9.822666829824447943e-01
4.897491492331029067e-02 9.836333489418027654e-01
4.685332929715512601e-02 9.846583479642868619e-01
4.671493612229822567e-02 9.848333477973938432e-01
4.774196516722441219e-02 9.838666820526124068e-01
4.634978776797651912e-02 9.848750144243237914e-01
4.499131083488463329e-02 9.853250139951703623e-01
4.615437977015973692e-02 9.849083477258684383e-01
4.749905075877903365e-02 9.839583480358122802e-01
4.454457353800537339e-02 9.853000140190123490e-01
4.337142158299685246e-02 9.858083468675614691e-01
4.890582228079437543e-02 9.836083489656448631e-01
4.563151299953459306e-02 9.848750144243237914e-01
4.908604977652430285e-02 9.836000156402586736e-01
4.071870023384689674e-02 9.867250126600265459e-01
4.726282963529230413e-02 9.837916821241379228e-01
4.461527796462179396e-02 9.852250140905380871e-01
4.410057047381996803e-02 9.856000137329102850e-01
4.414519032463430637e-02 9.854916805028914872e-01
4.299082692712546255e-02 9.857583469152448874e-01
4.452871901914478431e-02 9.847916811704635620e-01
4.362388988956809183e-02 9.853833472728733556e-01
4.250027325004340079e-02 9.855333471298216574e-01
4.330473819747567704e-02 9.855000138282773436e-01
4.504235098138449633e-02 9.847833478450773725e-01
3.980457428842782558e-02 9.863666796684266158e-01
4.310014076530933186e-02 9.856083470582959194e-01
4.322490239515901223e-02 9.851916807889934402e-01
4.027000926434993328e-02 9.862916797399522428e-01
4.106416234746575883e-02 9.858000135421756127e-01
4.175494264811275419e-02 9.859083467721935223e-01
3.799740892834962275e-02 9.871333456039430576e-01
4.087487146258355492e-02 9.859916800260545289e-01
4.042009240016342098e-02 9.868583458662031349e-01
3.837783469818532162e-02 9.873083454370499279e-01
3.934897587634623300e-02 9.868750125169752918e-01
4.148479575291275090e-02 9.860000133514406073e-01
3.870905175805090803e-02 9.873916786909103793e-01
3.736690793186427106e-02 9.873583453893661765e-01
3.707753902301192533e-02 9.879166781902314343e-01
3.696700884960593680e-02 9.877500116825103094e-01
3.819546497426926090e-02 9.872416788339618554e-01
3.911921115592120746e-02 9.870416790246964167e-01
3.976670140400528214e-02 9.866333460807797939e-01
3.613941119983792721e-02 9.884416776895522672e-01
4.110885184258222108e-02 9.866833460330967087e-01
3.762188162654638013e-02 9.872416788339616334e-01
3.691815361380579308e-02 9.876000118255615634e-01
3.713786391541361309e-02 9.875583451986313932e-01
3.990726666525006711e-02 9.865666794776918325e-01
3.614389109425245744e-02 9.876166784763333872e-01
3.578217608854176307e-02 9.882500112056733510e-01
3.748764039948584981e-02 9.877583450078966099e-01
3.261650827713311052e-02 9.892583435773851797e-01
3.739923333749175377e-02 9.875833451747894065e-01
3.724982706829906010e-02 9.878250116109847934e-01
3.466285786591472018e-02 9.882666778564451748e-01
3.654228840954601432e-02 9.878583449125289961e-01
3.610238587483761974e-02 9.876333451271059882e-01
3.614231213927268649e-02 9.876750117540357143e-01
3.512891884893178801e-02 9.882250112295151157e-01
4.092055296525359820e-02 9.860333466529849211e-01
3.231575588695705104e-02 9.896000099182130638e-01
3.378753879107533609e-02 9.889750105142591785e-01
3.304000521078706565e-02 9.887666773796078834e-01
3.355239513330160461e-02 9.887666773796081054e-01
3.449287423864007968e-02 9.883250111341477240e-01
3.290726748295128012e-02 9.891250103712083686e-01
3.619358016178010617e-02 9.879250115156174017e-01
3.451406443491576714e-02 9.882583445310594294e-01
3.348238832317292774e-02 9.888083440065381646e-01
3.389863312244414950e-02 9.886250108480452159e-01
3.270143464207649064e-02 9.890250104665753161e-01
3.270574407652022259e-02 9.892750096321106801e-01
3.294592144899070874e-02 9.891250103712082575e-01
3.138119670562446173e-02 9.897500097751619208e-01
3.154859829694033752e-02 9.894833433628082986e-01
3.162954367697239089e-02 9.895166766643523903e-01
3.153335775248706369e-02 9.892666769027712581e-01
3.142510669305921545e-02 9.894916766881940440e-01
3.076861262321471321e-02 9.898916763067246993e-01
3.522595632821321626e-02 9.879750114679338724e-01
3.056445359252393801e-02 9.898500096797946401e-01
2.998417042195797994e-02 9.899083429574965232e-01
3.458340130746366536e-02 9.882666778564452859e-01
3.278766283765434386e-02 9.893500101566314875e-01
3.134252232499420976e-02 9.895666766166687500e-01
3.112565319985150653e-02 9.894083434343335925e-01
3.069575205445289681e-02 9.897833430767063456e-01
3.009151535108684633e-02 9.901750093698500343e-01
2.986590731889010239e-02 9.900666755437850242e-01
2.993951212614774302e-02 9.904000091552733753e-01
2.968769051134585724e-02 9.900416761636734453e-01
2.993277706205844241e-02 9.900333428382871448e-01
2.997446861118078371e-02 9.896333432197571556e-01
3.051855007186531077e-02 9.897750097513199341e-01
3.039960080757737187e-02 9.897833430767059015e-01
3.040691253729163254e-02 9.895000100135801224e-01
3.338238870725034058e-02 9.888083440065383867e-01
2.893471186980604848e-02 9.906750088930129650e-01
2.861302657052875592e-02 9.902416759729386619e-01
3.139383018016816962e-02 9.895666766166686390e-01
3.045719553716480163e-02 9.900000095367431641e-01
2.792281012050807157e-02 9.908583420515058027e-01
3.040922813117504647e-02 9.898500096797943071e-01
3.399320515803992693e-02 9.885083442926407837e-01
3.129378336481750122e-02 9.897250097990034634e-01
2.796790413558483332e-02 9.906333422660826837e-01
2.954208704642952502e-02 9.899750095605850397e-01
2.972006769850850036e-02 9.898083430528642479e-01
2.806367818266153336e-02 9.905000090599063167e-01
2.739385852590203035e-02 9.908500087261201683e-01
2.733627663925289678e-02 9.908416754007337568e-01
2.689347156323491916e-02 9.912916749715804388e-01
2.768692448735236844e-02 9.905666756629943892e-01
2.868766371160746259e-02 9.903083425760269565e-01
2.735998516902327787e-02 9.909250086545946523e-01
2.699401740916073517e-02 9.908500087261197242e-01
2.824566087685524696e-02 9.902666759490968973e-01
