1.052967368364334355e+00 7.241625195741654419e-01
6.903658032417295809e-01 8.168958544731140803e-01
5.433611923456190818e-01 8.515562689304350119e-01
4.431000638008117387e-01 8.773479294776916904e-01
3.918155059218406677e-01 8.903979355096818260e-01
3.573434805870055464e-01 8.982312643527983198e-01
3.557401287555693181e-01 8.957708495855331021e-01
3.246929380297660650e-01 9.039645993709563010e-01
2.915775136649608745e-01 9.141812741756444316e-01
2.943308448791503440e-01 9.115521091222764660e-01
2.700839652121067580e-01 9.192437714338302923e-01
2.803461538255214158e-01 9.163791966438297187e-01
2.819043290615080299e-01 9.153083574771880837e-01
2.573418095707894482e-01 9.213791924715041270e-01
2.513959743082521681e-01 9.228354454040529342e-01
2.491665492951869731e-01 9.236958628892896206e-01
2.466628390550612837e-01 9.238625317811962612e-01
2.509374547004699640e-01 9.234354406595228770e-01
2.431434845924377308e-01 9.251375275850294289e-01
2.354505114257335885e-01 9.275604468584062179e-01
2.390921856462955297e-01 9.268729484081269510e-01
2.369336582720279749e-01 9.269521141052249336e-01
2.409074389934539595e-01 9.257604444026944490e-01
2.280250479280949705e-01 9.295312845706940053e-01
2.218886809051036635e-01 9.317375326156618343e-01
2.337919166684150341e-01 9.285437798500060236e-01
2.244247606396675143e-01 9.310375303030014038e-01
2.193192377686499772e-01 9.327541971206668725e-01
2.414005886018275870e-01 9.258104491233827282e-01
2.224997313320636327e-01 9.319521152973175848e-01
2.311123853921890070e-01 9.289062845706942406e-01
2.177203735709191124e-01 9.327875316143036111e-01
2.189647191762923994e-01 9.320812815427782505e-01
2.156324140727518823e-01 9.338271164894106358e-01
2.190931268036366009e-01 9.331021159887313843e-01
2.165724828839303007e-01 9.336083644628526690e-01
2.185725586116313290e-01 9.331542015075682261e-01
2.158368030190467302e-01 9.335854506492617944e-01
2.147773677110671742e-01 9.335062807798384377e-01
2.141160483658313407e-01 9.341708636283874156e-01
2.199340924620628024e-01 9.327312785387037453e-01
2.140095973014831676e-01 9.343000334501267989e-01
2.077139569818973464e-01 9.358792018890379483e-01
2.092561340332030895e-01 9.358333688974380671e-01
2.092527076601982117e-01 9.358479517698287120e-01
2.110225406289100714e-01 9.353521198034288053e-01
2.107498809695243502e-01 9.355312818288801235e-01
2.101844310760498380e-01 9.357062858343125900e-01
2.184746433794498566e-01 9.339541989564892344e-01
2.142700532078742892e-01 9.341104471683500110e-01
2.142544572055339325e-01 9.346083664894104803e-01
2.122952531278133326e-01 9.352187860012053378e-01
2.169704969227314040e-01 9.345062851905824308e-01
2.055997574329375965e-01 9.373271220922472224e-01
2.081582765281200231e-01 9.362125355005264105e-01
2.118281225860118300e-01 9.352479493618012230e-01
2.107425221800804382e-01 9.361021190881728682e-01
2.001035027205944616e-01 9.389333724975585938e-01
2.167458371818065110e-01 9.337354528903959450e-01
2.116960640251636383e-01 9.350646150112149613e-01
2.088693879544734899e-01 9.359875327348710083e-01
2.120785500109195199e-01 9.359396171569825951e-01
2.059002272784709875e-01 9.368250328302382135e-01
2.020091080665588346e-01 9.380500382184980834e-01
2.161487260460853710e-01 9.346042013168334162e-01
2.086471582949161185e-01 9.362562835216523549e-01
2.017088460922241422e-01 9.383208650350567392e-01
2.107443107664584980e-01 9.358291959762572443e-01
2.050575533509254311e-01 9.371271187067030661e-01
2.013026270270346918e-01 9.384146231412886507e-01
2.111018463969230596e-01 9.357333660125731756e-01
2.101023161411285090e-01 9.365771138668060880e-01
2.038201171159744751e-01 9.383812874555583772e-01
2.031437651813029766e-01 9.380916994810107878e-01
2.073420037329197219e-01 9.375896197557449518e-01
2.046860076487064528e-01 9.380146175622944282e-01
2.054594305157661505e-01 9.379812854528426502e-01
2.058443640172482048e-01 9.375229513645173540e-01
2.060512432456016174e-01 9.373146194219589278e-01
2.041534060239791337e-01 9.377646189928053877e-01
2.060632139444351918e-01 9.374562841653826251e-01
2.102234150469303453e-01 9.360250353813168722e-01
2.057999333739280734e-01 9.375437802076338478e-01
2.058379529416560771e-01 9.374458664655683782e-01
2.068166421353817286e-01 9.369687795639040084e-01
2.021088403463364991e-01 9.389875328540803201e-01
2.092254170775413868e-01 9.368229532241819646e-01
2.076991799473763001e-01 9.373333638906478082e-01
2.092990268766879713e-01 9.365083682537079790e-01
2.071331892907618544e-01 9.373667043447494462e-01
2.046717387437820279e-01 9.375458693504333807e-01
2.006150361895560619e-01 9.391187858581542258e-01
2.034370830655097273e-01 9.379771137237548073e-01
1.989930401742458776e-01 9.392542022466656704e-01
2.052980141341686215e-01 9.379292005300521318e-01
2.040676999092102262e-01 9.375583738088608676e-01
2.033545529842376576e-01 9.381021189689636719e-01
2.044765859842300471e-01 9.374854493141174805e-01
2.008571411669254625e-01 9.392437893152232320e-01
2.040102243423461414e-01 9.378604483604430220e-01
2.131181666254996776e-01 9.357958674430849610e-01
2.163131885230541729e-01 9.352271157503129206e-01
2.038977718353271185e-01 9.384062856435776423e-01
2.017110864818096594e-01 9.390937858819961015e-01
2.055832463502883789e-01 9.379583698511123613e-01
2.080066691339015339e-01 9.368250352144239512e-01
2.045350399613379833e-01 9.383187878131866722e-01
2.085821367800234916e-01 9.375625324249268200e-01
2.016005651652813535e-01 9.391250348091125799e-01
2.061558191478253255e-01 9.379687845706942140e-01
2.136826406419277402e-01 9.359500330686568725e-01
2.071274851262568939e-01 9.379312866926191594e-01
2.087191399931906943e-01 9.362146246433257213e-01
2.027080953121185580e-01 9.385500335693360840e-01
2.085903431475162328e-01 9.369312828779222668e-01
2.134372934699059199e-01 9.363916987180713747e-01
2.059954653680324266e-01 9.380083709955212568e-01
2.059655304253101282e-01 9.381000369787217963e-01
2.067382028698921959e-01 9.374146145582200607e-01
2.079730618000031339e-01 9.373479479551316551e-01
2.078245727717876468e-01 9.379521155357360973e-01
2.101440382003784413e-01 9.368187856674194958e-01
2.128227835893631570e-01 9.362979531288149193e-01
2.015538868308067444e-01 9.387583684921264604e-01
2.038996234536171459e-01 9.380312842130661410e-01
2.092433421313763253e-01 9.368917036056516601e-01
1.964397718012332872e-01 9.401292032003405463e-01
2.039224150776862976e-01 9.378333663940431331e-01
2.099624469876289201e-01 9.367021185159679630e-01
2.034584294259548232e-01 9.382083666324616544e-01
2.050052426755428758e-01 9.382125324010849310e-01
2.068635079264641019e-01 9.367271202802657237e-01
2.035187762975693149e-01 9.378229469060896939e-01
2.051815460622311016e-01 9.378229522705074928e-01
2.036543010175228263e-01 9.387042015790938443e-01
2.047217498719692552e-01 9.387125343084338214e-01
2.059037712216376381e-01 9.376521182060242321e-01
1.973634621500968966e-01 9.397083657979964366e-01
2.044724859297274711e-01 9.379166960716250889e-01
2.151407407224178170e-01 9.353396165370939652e-01
2.050839500129222059e-01 9.378062856197354469e-01
2.116639617085456782e-01 9.360937839746474864e-01
2.075217287242412945e-01 9.371458607912066530e-01
2.102789905667306058e-01 9.363687813282013384e-01
2.126880383491515647e-01 9.358146136999131448e-01
2.060776826739311451e-01 9.379542046785352971e-01
2.020141188800335386e-01 9.385250335931780707e-01
2.001743689179420194e-01 9.387708663940429465e-01
2.120705491304397117e-01 9.366062825918195500e-01
2.049001526832580633e-01 9.379083710908889815e-01
2.113261295855044797e-01 9.358062779903411066e-01
2.046584224700927768e-01 9.376083707809449441e-01
2.011983245611191073e-01 9.387875318527219015e-01
2.104342275857925826e-01 9.362521189451219472e-01
2.058149667084216983e-01 9.377083647251128751e-01
2.134417475759982918e-01 9.353146177530291538e-01
2.027886126935482258e-01 9.390167045593258432e-01
2.065527510643004883e-01 9.373958677053453314e-01
2.071917429566383639e-01 9.375542014837263682e-01
2.051971715688705733e-01 9.382979518175126321e-01
2.068101331591605252e-01 9.369875341653826073e-01
2.082650068402290555e-01 9.368854498863216085e-01
2.042820224165916576e-01 9.382000327110290305e-01
2.049916045367717599e-01 9.379625344276429910e-01
2.009648250043391537e-01 9.390187835693359908e-01
2.065547022223472584e-01 9.380833679437636796e-01
2.048977349698543338e-01 9.384375345706938987e-01
2.092858558893203880e-01 9.363458687067032216e-01
2.079197980463504958e-01 9.367167049646376586e-01
2.071076413989067222e-01 9.374833667278291705e-01
2.061564411222934212e-01 9.375333678722380659e-01
1.986076110601425748e-01 9.394104522466661944e-01
2.161284472048283223e-01 9.353708696365358177e-01
2.056372462213039432e-01 9.381062835454939686e-01
2.067370006442070252e-01 9.369729495048523260e-01
2.068756014108658059e-01 9.377625375986103906e-01
2.056709681451320548e-01 9.376208662986755815e-01
2.012319034337997636e-01 9.383146142959595259e-01
2.031652885675430675e-01 9.385687839984890868e-01
2.026922106742858054e-01 9.385854530334472035e-01
2.055325689911843001e-01 9.380437880754469715e-01
2.105401806533336584e-01 9.362771201133729404e-01
2.067994445562361949e-01 9.373625397682190385e-01
2.125834260880948012e-01 9.361875373125077004e-01
2.120360174775122730e-01 9.364166992902756004e-01
2.111557595431805268e-01 9.367104542255398902e-01
2.138344763219356404e-01 9.358666998147964211e-01
2.040053787827491860e-01 9.388583695888519376e-01
2.092105861008167478e-01 9.362750357389451050e-01
2.106497758626937888e-01 9.362000340223314288e-01
2.206435891985893682e-01 9.343000352382657692e-01
2.054469794034958774e-01 9.379875338077544589e-01
2.009306839108466469e-01 9.382104516029359242e-01
2.064196196198463951e-01 9.377458667755127486e-01
2.042965245246887163e-01 9.373083692789078158e-01
2.075597070157527979e-01 9.370812839269635486e-01
2.077261757850647483e-01 9.377125340700153133e-01
2.118421097099780492e-01 9.359708648920055385e-01
2.109348067641257096e-01 9.366333711147309948e-01
2.127299734950066079e-01 9.355437803268432662e-01
