6.451051568984986773e-01 8.683062613010407160e-01
3.576168727874754483e-01 9.209896135330201128e-01
2.744229474663735235e-01 9.332854503393173129e-01
1.659873034060001529e-01 9.632041984796524403e-01
1.607052113115787217e-01 9.585792005062101495e-01
1.302764558792114391e-01 9.663354474306108388e-01
1.292491074651479221e-01 9.642625337839124677e-01
1.431526331603526492e-01 9.604187852144244752e-01
9.261363819241520690e-02 9.742521107196808750e-01
9.650750041007996605e-02 9.724229437112810182e-01
1.252883572876453133e-01 9.640562832355497047e-01
7.789665177464487333e-02 9.769750189781187810e-01
8.383770845830439133e-02 9.756771022081377476e-01
8.948678996413950149e-02 9.734146058559418613e-01
7.698772668838502198e-02 9.766333556175234021e-01
7.782558739185335694e-02 9.764146047830581931e-01
7.298608060926199681e-02 9.774750232696534091e-01
8.012140024453399956e-02 9.755937737226483275e-01
6.805558115243909301e-02 9.787521022558215433e-01
7.978189282119273196e-02 9.757208573818207942e-01
7.051356062293055726e-02 9.779833525419233675e-01
6.358405370265242385e-02 9.795291835069656061e-01
7.676990829408165962e-02 9.760229372978208584e-01
7.253872241824868561e-02 9.774396097660067451e-01
6.433173052966595362e-02 9.797646003961562045e-01
7.651869993656874869e-02 9.760979366302487970e-01
6.712687660008667678e-02 9.783750218153001166e-01
6.768471539020537442e-02 9.783541876077654909e-01
9.419825851917264237e-02 9.703271114826201860e-01
7.594373092055319019e-02 9.764437699317930486e-01
7.497626852244139439e-02 9.762771058082577724e-01
6.886892337352040760e-02 9.777541828155518200e-01
6.303350988775491270e-02 9.796291899681092152e-01
6.768354259431361153e-02 9.782979369163513628e-01
5.982967223972083387e-02 9.805729401111600296e-01
6.505759790539743237e-02 9.790979379415508665e-01
7.488110672682524172e-02 9.760771065950395453e-01
6.637090407311914408e-02 9.788771015405653975e-01
6.816561531275508456e-02 9.781604403257370128e-01
6.138373486697674963e-02 9.799791836738585005e-01
7.159673821181057607e-02 9.769958525896069723e-01
5.984381508082153855e-02 9.807208526134492121e-01
5.977864217013120068e-02 9.808416861295699007e-01
6.071995530277490838e-02 9.805104368925093850e-01
6.008723113685844608e-02 9.804937690496445812e-01
6.356721799820660990e-02 9.796291828155521131e-01
6.083651136606930271e-02 9.802875179052352728e-01
6.024986390024422017e-02 9.806145989894869963e-01
5.847903851419686272e-02 9.808375167846681286e-01
5.986545559018850715e-02 9.806271004676818670e-01
6.352495674043895368e-02 9.794291853904725231e-01
6.372528191655875418e-02 9.791833519935606578e-01
6.383639074862003382e-02 9.794458544254303067e-01
6.430145595222708232e-02 9.792166882753370327e-01
6.487197283655407598e-02 9.789896047115322908e-01
6.393559154123069910e-02 9.791000211238860551e-01
6.146088819950818599e-02 9.799250173568723188e-01
5.888011611998081318e-02 9.807937711477276999e-01
6.221146564930676165e-02 9.796562719345093262e-01
6.321445990353825872e-02 9.794500154256821078e-01
6.039922825992105615e-02 9.799979376792907759e-01
8.235917232930659027e-02 9.745750224590300492e-01
5.932836588472126943e-02 9.806125158071518078e-01
6.502421438693999078e-02 9.790937685966493165e-01
6.075249731540677961e-02 9.800125181674956831e-01
6.179766867309813977e-02 9.798979341983792279e-01
5.753191001713275216e-02 9.815104347467427104e-01
6.299178406596184221e-02 9.795333516597750645e-01
6.015257362276317521e-02 9.804271048307419134e-01
6.511915642768142942e-02 9.790771019458771596e-01
6.027570761740207866e-02 9.802479368448260288e-01
5.846436299383640789e-02 9.807604324817655872e-01
5.589597970247268260e-02 9.813896036148074264e-01
6.761102367192506346e-02 9.781666892766953669e-01
5.985861323773861153e-02 9.805770951509479305e-01
5.733656600117684188e-02 9.813645988702771605e-01
6.436876699328424045e-02 9.791604375839235708e-01
5.932847522199154178e-02 9.805104374885560414e-01
6.377541676163675510e-02 9.793896007537843396e-01
5.615370806306598656e-02 9.815020990371704501e-01
6.051298949867486149e-02 9.805354309082030539e-01
6.053181957453489942e-02 9.802729320526123447e-01
5.669507935643195579e-02 9.813604390621183393e-01
6.270796619355684109e-02 9.794208508729937979e-01
6.017853803932665668e-02 9.802416867017748059e-01
6.085381008684635079e-02 9.800708520412444447e-01
6.129026718437670385e-02 9.797979366779328014e-01
5.944378070533274522e-02 9.806604337692260698e-01
6.185564622282981734e-02 9.798166859149930463e-01
6.480799201875919735e-02 9.788833522796632769e-01
6.292776908725500329e-02 9.796000152826310758e-01
5.993897426873444345e-02 9.803666865825655385e-01
6.240597177296874909e-02 9.799125176668166404e-01
6.273717049509287824e-02 9.799104326963427036e-01
5.881729912012815392e-02 9.805958491563796509e-01
6.211719445884227725e-02 9.798875206708906882e-01
5.798517607152461201e-02 9.808958512544631025e-01
6.236182302236553676e-02 9.793812721967696255e-01
6.482825700193640961e-02 9.790666830539704879e-01
5.898910474032161011e-02 9.808854347467423906e-01
6.305340953171253982e-02 9.793500185012815606e-01
5.806331969797612347e-02 9.809208518266676613e-01
6.333320975303649569e-02 9.794271034002305365e-01
5.889986280351878351e-02 9.808708494901660080e-01
5.469193466007707394e-02 9.822291815280913552e-01
6.282897368073463162e-02 9.792791897058484851e-01
5.795799594372511715e-02 9.810250180959700916e-01
5.885147240012886249e-02 9.808229351043702415e-01
5.948711343109608363e-02 9.802771025896073187e-01
6.014259535819292679e-02 9.805437713861465676e-01
5.879339966922999400e-02 9.806646001338957808e-01
5.874472066760063477e-02 9.811562669277190674e-01
5.913880839943887191e-02 9.809729373455047252e-01
5.933417376130819404e-02 9.806521040201187089e-01
5.814255595207212801e-02 9.809979319572447176e-01
6.307402186095714680e-02 9.796333551406862794e-01
6.361999478191142365e-02 9.797145974636076726e-01
5.758205309510230907e-02 9.812833535671234841e-01
5.525347407907248848e-02 9.814854323863985153e-01
5.865602821111678966e-02 9.806125193834307474e-01
5.902398355305194660e-02 9.807041817903521252e-01
6.150718718767166776e-02 9.796250212192537665e-01
6.000274587422609052e-02 9.802646034955978527e-01
5.700734969228506838e-02 9.809645998477936057e-01
5.648733057081699316e-02 9.813354349136351740e-01
5.968370925635098356e-02 9.805750191211699551e-01
6.029402099549769495e-02 9.802354347705843907e-01
6.135436672717332202e-02 9.800083529949185079e-01
5.741873588413001772e-02 9.811500185728073697e-01
5.731349073350430756e-02 9.812062698602674882e-01
5.959682084619999376e-02 9.805687648057939132e-01
5.941444132477043810e-02 9.808625173568726874e-01
5.939434912055732013e-02 9.806500160694122670e-01
5.802687965333461900e-02 9.812416863441466575e-01
5.880927138030530438e-02 9.810562688112258733e-01
5.750412624329329786e-02 9.814271008968352694e-01
6.162758715450764035e-02 9.798354327678677755e-01
6.291275694966314003e-02 9.795354354381560213e-01
5.857544798403978292e-02 9.808083510398863947e-01
6.366755928844212986e-02 9.796833479404449818e-01
6.316079799085853874e-02 9.792979395389557196e-01
5.800263110548256607e-02 9.809833490848540727e-01
6.033981025218963096e-02 9.803833520412443825e-01
5.823610085994004176e-02 9.809375244379046066e-01
5.840537734329701025e-02 9.808979380130765646e-01
5.747170895338055835e-02 9.810708546638489125e-01
5.919645879417659295e-02 9.807125174999236084e-01
6.186892546713353841e-02 9.797271078824996149e-01
6.034536100924015739e-02 9.805708533525465675e-01
5.950007535517217588e-02 9.806729310750961215e-01
5.982172008603810903e-02 9.805854368209842020e-01
5.948456790298224661e-02 9.806541836261748468e-01
5.913250755518673768e-02 9.805791842937470193e-01
5.700130067765712266e-02 9.814208525419235718e-01
6.000479876995086503e-02 9.802354353666304920e-01
5.697050146758556033e-02 9.815416795015333706e-01
5.598893973976373784e-02 9.815979290008545188e-01
6.113020081073045064e-02 9.802083498239517745e-01
5.948986835777760052e-02 9.805896055698394287e-01
6.022845298051835577e-02 9.803708559274673107e-01
5.648871466517447343e-02 9.813895976543425270e-01
6.161902159452439104e-02 9.800833493471144964e-01
6.040095373988153132e-02 9.808145987987518799e-01
5.570195551961659025e-02 9.816687643527982621e-01
5.472160272300242295e-02 9.820729351043699928e-01
5.608817443251608303e-02 9.816875141859051634e-01
5.822715073823929444e-02 9.809750235080721970e-01
6.058311194181441317e-02 9.802479380369185646e-01
6.230569791048765765e-02 9.793750160932539472e-01
5.887491662055254621e-02 9.809937649965286832e-01
5.870766926556825888e-02 9.808146029710766989e-01
6.138716544955967469e-02 9.800312685966493520e-01
5.610843956470488308e-02 9.815562653541566318e-01
5.936207752674816512e-02 9.806958532333376333e-01
6.026383697986602284e-02 9.805375212430954557e-01
5.648830134421587573e-02 9.815021032094958242e-01
5.739305736497043314e-02 9.815541857481003829e-01
5.968864250928162390e-02 9.804854339361190885e-01
5.847178477793932988e-02 9.810312664508819003e-01
6.024239663034676451e-02 9.801146012544631470e-01
5.806648816913365097e-02 9.812104320526127132e-01
5.722256351262330898e-02 9.812271004915239514e-01
5.878594335168598611e-02 9.808166891336438376e-01
5.594087591394782122e-02 9.816729354858400036e-01
5.657107368111610746e-02 9.815687644481659868e-01
5.832022733986377827e-02 9.809979349374771118e-01
5.826405599713325306e-02 9.809541875123979349e-01
5.660297833383081539e-02 9.814750176668168846e-01
5.687424600124357799e-02 9.812750184535982134e-01
5.679262049496171250e-02 9.814021027088165594e-01
5.536572758108377484e-02 9.819458472728730403e-01
5.698189422488213890e-02 9.813604366779330457e-01
5.864687602967022517e-02 9.810562694072726408e-01
5.939402543008327762e-02 9.810166817903519521e-01
5.383384974673389306e-02 9.823604339361192705e-01
5.991633590310811025e-02 9.804771029949188588e-01
5.438440497964620868e-02 9.823104315996172842e-01
5.379038650542497524e-02 9.826770991086959395e-01
5.672519024461507298e-02 9.813791871070863815e-01
6.138384837657214627e-02 9.801875168085096846e-01
