7.212889963388443570e-01 7.339000153541562765e-01
4.116575661301613009e-01 8.656000179052351085e-01
3.449931821227072426e-01 8.850250154733657615e-01
2.802997291088104026e-01 9.091583633422855026e-01
2.319258996844290877e-01 9.255000382661822123e-01
2.333003176748752738e-01 9.239500337839129385e-01
2.189748346805572565e-01 9.285583674907682550e-01
1.992632034420966647e-01 9.342833685874939453e-01
1.741351915895939240e-01 9.440583711862564620e-01
1.496397458016870963e-01 9.517917037010195092e-01
1.390740033984184110e-01 9.557083690166475742e-01
1.317058810591697493e-01 9.574583685398101451e-01
1.236001966148614489e-01 9.610083657503128984e-01
1.045438698306680181e-01 9.678416973352430563e-01
1.060466001927852647e-01 9.676833623647688176e-01
1.227417800575494877e-01 9.606917005777360075e-01
9.308426529169083752e-02 9.699333596229553489e-01
8.851806376129388310e-02 9.716750258207321744e-01
9.664845280349249057e-02 9.694666951894759244e-01
9.448008988052607193e-02 9.710000276565552424e-01
8.854861456900836592e-02 9.726750254631041370e-01
7.932113021612169357e-02 9.745833563804624511e-01
8.384771868586542165e-02 9.737166905403138450e-01
6.815590117126703318e-02 9.785666865110399515e-01
8.022250674664974102e-02 9.747416907548901444e-01
6.855121057480573210e-02 9.776583540439605091e-01
8.120763007551433377e-02 9.735500252246854780e-01
8.205267820507289311e-02 9.726333582401276434e-01
7.155397851020092737e-02 9.773750209808349521e-01
7.128683926537630888e-02 9.769333553314207830e-01
7.187483943998815294e-02 9.764500224590298982e-01
8.174463886767627252e-02 9.734666901826857233e-01
6.446402162313462358e-02 9.788666868209838778e-01
6.546416711062193194e-02 9.787416863441465997e-01
7.637760061770675069e-02 9.748416906595229747e-01
7.425905700773002827e-02 9.751666897535324896e-01
5.722169369459154803e-02 9.811000180244443536e-01
6.695407787337898098e-02 9.781000208854675471e-01
6.643219145014880866e-02 9.784333533048631404e-01
6.919779948890207588e-02 9.771666872501372225e-01
6.161564823240041344e-02 9.793000197410585139e-01
5.693069553002714361e-02 9.825333499908445178e-01
6.375569317489865329e-02 9.791250199079516436e-01
5.837545953691007650e-02 9.815250176191326892e-01
5.952724616974593846e-02 9.803500187396997356e-01
6.070883881300687818e-02 9.804333519935609642e-01
6.531811937689779857e-02 9.788750195503231888e-01
5.730246767401696306e-02 9.809666842222215521e-01
5.789000937715172573e-02 9.810833513736725298e-01
6.510860124602908805e-02 9.783750206232069146e-01
5.703907029703257636e-02 9.812916845083234918e-01
6.655892413109541772e-02 9.777166879177091596e-01
5.479324886575341613e-02 9.818666833639145830e-01
5.310555754229426273e-02 9.827416831254960350e-01
5.461736433207988600e-02 9.816750174760819903e-01
5.617176167666913106e-02 9.812583506107328546e-01
4.803568134084344743e-02 9.843500149250034026e-01
5.409587400034069488e-02 9.824916833639142366e-01
5.490520674735306639e-02 9.818250167369843018e-01
5.115351097658276530e-02 9.826666831970216620e-01
5.207748495973647807e-02 9.828666830062865456e-01
5.329303361475468820e-02 9.823166835308075884e-01
5.544370213523507757e-02 9.816916841268539251e-01
5.334574863314631848e-02 9.827000164985657538e-01
4.776543261483311847e-02 9.838833481073381293e-01
4.861437348648906670e-02 9.840833485126497804e-01
5.785977730527519514e-02 9.808583509922026433e-01
4.497952940873802680e-02 9.853833472728726894e-01
5.047594721429051606e-02 9.827166825532913652e-01
4.405632546171547176e-02 9.853416800498960848e-01
4.989854810759424691e-02 9.832583487033844660e-01
4.739156590774656896e-02 9.841916817426681341e-01
4.761074867099522601e-02 9.841333478689191505e-01
4.963452586904167768e-02 9.836666822433469681e-01
4.253692565485833743e-02 9.857916802167894232e-01
5.210325954481958427e-02 9.826500159502024045e-01
5.061740016564727357e-02 9.826083499193191129e-01
4.726891200989487285e-02 9.843166810274120992e-01
5.244474686682226022e-02 9.828916829824451140e-01
4.585452310740950610e-02 9.848583477735518565e-01
4.525401447899639329e-02 9.849000138044358144e-01
5.035561894997957200e-02 9.827333492040637442e-01
4.773928150534630793e-02 9.838166815042493907e-01
4.468991104513406198e-02 9.851000142097469103e-01
4.690223269164563169e-02 9.840083479881287509e-01
4.676226168870926264e-02 9.843083482980725663e-01
4.249805411323905741e-02 9.854083472490310358e-01
4.392172081395983446e-02 9.853083473443984275e-01
4.586969952099025083e-02 9.845583480596543646e-01
4.763488231226802733e-02 9.839500153064727472e-01
5.329200658947229330e-02 9.823416835069653796e-01
4.612684320658445858e-02 9.843500149250028475e-01
4.869032664224505480e-02 9.835166817903521208e-01
4.720637626945974052e-02 9.844916814565658481e-01
4.902450410649179108e-02 9.832166826725003972e-01
4.221274913288652203e-02 9.860250133275986206e-01
4.246186768636107944e-02 9.860333466529845881e-01
4.754032736644146079e-02 9.842166811227798240e-01
4.581748757511377307e-02 9.848750138282775790e-01
4.248247662559151427e-02 9.856000137329105071e-01
3.970753991045058995e-02 9.867166793346405784e-01
3.806931251659988191e-02 9.873833447694779775e-01
4.597003564238549139e-02 9.845916807651521330e-01
4.296987680718301200e-02 9.855416798591615235e-01
4.085815969854593444e-02 9.861666798591617322e-01
4.391084237024187736e-02 9.850083470344540570e-01
4.414332096464930466e-02 9.853500139713284867e-01
4.575664828531444961e-02 9.846583479642864178e-01
3.961067517288029138e-02 9.867750126123429055e-01
4.122468274086715095e-02 9.860166800022123201e-01
3.884443678893147872e-02 9.869083458185196056e-01
4.449592904187739395e-02 9.848916810750962814e-01
4.162331430241465041e-02 9.859583467245104371e-01
4.346272351220251129e-02 9.850583475828171842e-01
4.185065625235439429e-02 9.861083465814589610e-01
4.084962251596153948e-02 9.863583463430402043e-01
3.942702627740801713e-02 9.865250128507612182e-01
4.121189647354184943e-02 9.864250129461286098e-01
3.724040688946846089e-02 9.876083451509475308e-01
4.017671934328972266e-02 9.863416790962218350e-01
4.334440745413304513e-02 9.853583472967146761e-01
4.736687768250704561e-02 9.838666820526127399e-01
4.170422111637891310e-02 9.855416804552078469e-01
4.169018185231834761e-02 9.865750122070314765e-01
4.212734556756914800e-02 9.854250138998030817e-01
4.217410620301961788e-02 9.858916801214221426e-01
3.857285868376492816e-02 9.868000125885010299e-01
4.129196499474346166e-02 9.859000134468075549e-01
4.069044984877109861e-02 9.861083465814587390e-01
4.052253209054469674e-02 9.861166793107986051e-01
4.053711402229964733e-02 9.866750127077101862e-01
4.138689694926141888e-02 9.860416793823242321e-01
4.195082122460010166e-02 9.856666803359988016e-01
3.732731159776448565e-02 9.880583447217939908e-01
3.940593632869423407e-02 9.867583459615707486e-01
4.073606138117612241e-02 9.861250132322308959e-01
4.064222244545817597e-02 9.863750129938125832e-01
3.645351612940431890e-02 9.878666782379150746e-01
3.854648174718022791e-02 9.867333459854125133e-01
3.897106849588453936e-02 9.868583458662034680e-01
3.482898762449621738e-02 9.883000111579895997e-01
3.610252931714055813e-02 9.876500117778777010e-01
3.813564348034560736e-02 9.870166790485380703e-01
3.627891961485146810e-02 9.876916784048083153e-01
3.765491608530284473e-02 9.872833454608914705e-01
3.986157044768331992e-02 9.864250129461288319e-01
3.756311951205133087e-02 9.877916777133941562e-01
3.978752539493145279e-02 9.860083466768264637e-01
3.572359512094407108e-02 9.878833448886871205e-01
3.861372223123908654e-02 9.868166792392730757e-01
3.792742689140141815e-02 9.872500121593476008e-01
4.796377558261155638e-02 9.836166816949842850e-01
3.556562186218796551e-02 9.878333449363709828e-01
3.455894698388872754e-02 9.879250115156174017e-01
4.078486124984918165e-02 9.860583466291429344e-01
3.664537490345537440e-02 9.873916786909104903e-01
3.999970145523545906e-02 9.861916792392733111e-01
3.887315460480748885e-02 9.867000126838687546e-01
3.857599692419170362e-02 9.867000126838683105e-01
3.345650442875922059e-02 9.888416773080822564e-01
3.818977847695351202e-02 9.866000127792358132e-01
3.809200084768236960e-02 9.869500124454499979e-01
3.660718560218811229e-02 9.873833447694780885e-01
4.269235186278821231e-02 9.857250136137006846e-01
4.208858416415751230e-02 9.855166798830031771e-01
3.727511803619564662e-02 9.870583450794221392e-01
3.461124659515917718e-02 9.881083446741101284e-01
3.748992883600293924e-02 9.871083456277844892e-01
3.481663609854876440e-02 9.878166776895520584e-01
4.058145360089837617e-02 9.859166789054869540e-01
3.466686923056840064e-02 9.879500114917755260e-01
3.728355871513486935e-02 9.872583448886869117e-01
3.438665746711194043e-02 9.884916776418686268e-01
3.768447345588354230e-02 9.875916785001754850e-01
3.437291463837029160e-02 9.883916777372359075e-01
3.790366097819060365e-02 9.870666790008545410e-01
3.339900300838054281e-02 9.885333442687989081e-01
3.589901669882239466e-02 9.876250112056733643e-01
3.324352015741171423e-02 9.884250110387799992e-01
3.390158429741860213e-02 9.885666775703431108e-01
3.419964660890399688e-02 9.879250109195707452e-01
3.881839851848780526e-02 9.867333459854127353e-01
3.606341347098349776e-02 9.878583449125288851e-01
3.926081133075057933e-02 9.868833458423615923e-01
3.625318426638842600e-02 9.877333450317383745e-01
3.531210153363644605e-02 9.878666782379147415e-01
3.396842147223651243e-02 9.887833440303804844e-01
3.984198819845912592e-02 9.863166797161104782e-01
3.407079720869661543e-02 9.881833446025847234e-01
3.580086414702239594e-02 9.878750115633011530e-01
3.716755427420138924e-02 9.874333453178406605e-01
3.652467954903840935e-02 9.873666787147520330e-01
3.451369481161236513e-02 9.878583449125292182e-01
3.606615988537669598e-02 9.880166774988171641e-01
3.587285373359917762e-02 9.875833451747897396e-01
3.422982142772526548e-02 9.882083445787428477e-01
4.455375279299916141e-02 9.845083481073377829e-01
3.662862687837332293e-02 9.876583451032637795e-01
3.457184224389493049e-02 9.885083442926407837e-01
3.656787435989828500e-02 9.872583442926405883e-01
