3.460034939646722263e-01 8.929666876792907715e-01
1.910780735313891976e-01 9.480667078495027544e-01
1.322731466591358374e-01 9.623500329256059471e-01
1.716261930018663506e-01 9.435667014122007812e-01
1.124022921174764600e-01 9.707250249385833696e-01
1.218303269892931084e-01 9.619083636999133935e-01
5.501429062336683079e-02 9.864333462715146883e-01
5.506200600415467328e-02 9.854416805505752386e-01
5.188869711011647595e-02 9.862000131607054909e-01
6.302065636962650430e-02 9.837833482027057430e-01
4.081351626664400656e-02 9.883583444356920378e-01
4.694940965622664691e-02 9.874833452701566872e-01
3.825260519981385499e-02 9.897416764497758424e-01
2.895403116010129146e-02 9.916166746616364991e-01
3.490732516162095567e-02 9.895333433151243252e-01
2.609685531817376031e-02 9.924750071763992487e-01
2.999245683662592893e-02 9.916250079870222445e-01
2.773920128121972264e-02 9.912416750192644121e-01
3.134778668172659433e-02 9.901833426952362238e-01
2.457167934160680439e-02 9.921666741371154563e-01
2.923160542733966791e-02 9.911000084877014116e-01
3.181256538257003219e-02 9.909833419322966463e-01
2.412873859517275163e-02 9.927833402156830411e-01
2.422379139345139792e-02 9.926250070333482167e-01
2.638400058727712050e-02 9.912916749715805498e-01
2.432588874362408976e-02 9.925166738033294189e-01
2.474381599575281240e-02 9.919583410024640502e-01
2.504131787922233426e-02 9.922500073909760188e-01
2.475189948454498481e-02 9.919083410501479126e-01
2.433821308426558847e-02 9.922166734933850485e-01
2.133935911580920122e-02 9.930250066518784280e-01
2.156027482124045491e-02 9.932500064373018800e-01
2.771812042221426936e-02 9.912083417177200984e-01
2.207110969815403306e-02 9.930750066041945656e-01
1.886924032121896702e-02 9.938083392381665826e-01
2.029152642004192209e-02 9.933750063180921686e-01
1.783675869461149102e-02 9.939666724205017401e-01
2.009982062969357247e-02 9.935500061511994829e-01
1.985851696692407520e-02 9.934750062227251100e-01
1.767828669399023125e-02 9.943500053882596834e-01
1.786855942104011163e-02 9.941416722536086104e-01
2.139083742629736135e-02 9.935916727781294311e-01
1.836771207861601779e-02 9.940750056505203158e-01
1.806972916238010554e-02 9.941166722774505971e-01
2.077975203283130567e-02 9.931166732311251799e-01
1.837853323668241917e-02 9.938250058889389615e-01
1.944055958883836657e-02 9.937583392858505560e-01
1.816891318652779849e-02 9.939500057697296942e-01
1.830671158153562503e-02 9.936750060319899935e-01
2.173912138212472783e-02 9.928250068426134334e-01
1.756021753419190201e-02 9.941916722059249700e-01
1.735098163597285567e-02 9.943750053644181408e-01
1.743272293591872218e-02 9.942416721582411077e-01
2.482482710853219782e-02 9.913166749477383410e-01
2.177552230656145879e-02 9.929666733741762119e-01
1.796094455057754488e-02 9.942416721582412187e-01
1.886682999087497398e-02 9.937833392620089024e-01
1.911486634518950664e-02 9.936000061035157316e-01
1.609045126475393619e-02 9.947500050067902277e-01
2.347662181593477768e-02 9.925333404541017979e-01
1.827326468657702527e-02 9.938666725158695758e-01
1.775641894899309889e-02 9.941500055789946888e-01
1.665532087907194495e-02 9.944833385944364945e-01
1.708948507905004924e-02 9.942416721582413297e-01
1.558861653087660962e-02 9.947250050306321034e-01
1.888248282717541401e-02 9.937583392858508891e-01
1.436051911208778911e-02 9.953416711091993552e-01
1.896017772611230390e-02 9.938083392381668046e-01
1.615391974570229774e-02 9.942083388566971269e-01
1.593714568298309694e-02 9.948333382606507902e-01
1.795334751717747243e-02 9.939583390951154396e-01
1.809707711683585657e-02 9.939500057697294721e-01
2.213349821977316292e-02 9.928416734933854793e-01
1.512031169375404986e-02 9.949083381891250522e-01
1.431171586504206492e-02 9.953000044822692960e-01
1.559539764886722080e-02 9.946750050783157437e-01
1.465239208890125287e-02 9.950750046968460660e-01
1.568179420661181683e-02 9.949416714906691439e-01
1.624291871674359011e-02 9.946250051259992730e-01
1.757168462267146361e-02 9.941916722059247480e-01
1.525213024346157992e-02 9.950500047206880527e-01
1.537454741308466079e-02 9.949083381891247191e-01
1.782906621694564653e-02 9.940333390235902566e-01
1.567397924838588238e-02 9.948000049591063654e-01
1.597118218196556111e-02 9.944916719198224619e-01
1.668855648022145310e-02 9.944166719913482000e-01
1.742392051964998870e-02 9.941750055551529242e-01
1.697707259561866133e-02 9.941583389043809893e-01
1.672216121107340109e-02 9.947916716337206200e-01
1.335001104976982385e-02 9.957166707515713311e-01
1.622126911301164515e-02 9.945083385705948409e-01
1.544827351812272549e-02 9.949083381891250522e-01
1.736403004033490807e-02 9.941166722774504860e-01
1.486038740724325569e-02 9.951083379983902688e-01
1.534001714317127785e-02 9.945250052213667757e-01
1.605855048168450608e-02 9.947666716575620516e-01
1.606244756141677471e-02 9.946666717529293322e-01
1.635422469349578911e-02 9.943500053882600165e-01
1.470730747794732861e-02 9.948666715621947709e-01
1.275152635760605328e-02 9.954750043153763883e-01
1.723655346082523382e-02 9.943166720867155917e-01
1.347589048091321802e-02 9.954833376407622447e-01
1.426471628248691774e-02 9.950250047445300394e-01
1.703102543018758866e-02 9.943666720390318403e-01
1.352241958491504602e-02 9.955166709423068916e-01
1.599725799635053070e-02 9.946083384752268941e-01
1.413190056104213221e-02 9.950916713476178899e-01
1.646092480747029380e-02 9.943333387374878596e-01
1.538961287587881609e-02 9.945750051736832464e-01
1.275468839565292375e-02 9.957750040292739913e-01
1.317671941360458628e-02 9.955000042915344016e-01
1.491914907237514368e-02 9.948583382368088035e-01
1.467237007804215142e-02 9.951250046491626478e-01
1.361294973641633856e-02 9.953083378076553744e-01
1.391369926277548005e-02 9.951500046253204390e-01
1.391137192957102656e-02 9.949500048160555554e-01
1.385454327566549258e-02 9.953916710615158259e-01
1.287644692230969883e-02 9.956666707992556375e-01
1.625238493550569541e-02 9.943333387374877486e-01
1.601038577733561452e-02 9.946500051021573974e-01
1.428704579593613640e-02 9.951250046491622037e-01
1.500925898551941015e-02 9.949666714668273793e-01
1.374288881546817387e-02 9.952333378791810015e-01
1.584043007693253582e-02 9.944500052928925138e-01
1.499919902300462377e-02 9.948333382606505682e-01
1.468929435824975829e-02 9.947916716337205090e-01
1.268558823270722440e-02 9.956000041961673430e-01
1.251838129595853229e-02 9.956166708469390558e-01
1.638229817152023204e-02 9.944583386182782592e-01
1.303138817194849329e-02 9.957333374023435990e-01
1.573558884090743223e-02 9.946166718006135277e-01
1.485969836125150371e-02 9.951000046730039683e-01
1.481567372567951270e-02 9.951583379507060734e-01
1.703271474340000216e-02 9.940833389759063943e-01
1.245178356301039971e-02 9.958000040054321156e-01
1.463871646905317431e-02 9.949833381175995362e-01
1.346966436132788873e-02 9.952333378791810015e-01
1.245825095102191110e-02 9.957250040769577426e-01
1.577148787793703627e-02 9.947666716575624957e-01
1.466448433231561793e-02 9.952583378553386817e-01
1.253629552898928405e-02 9.959666705131527964e-01
1.249127323273569595e-02 9.955666708946230292e-01
1.311903242953121884e-02 9.952750045061110606e-01
1.253385986899957852e-02 9.957583373785020564e-01
1.422456407570280197e-02 9.952166712284090666e-01
1.138202716130763854e-02 9.960583370923995483e-01
1.291177277220413241e-02 9.954083377122879828e-01
1.076526079908944611e-02 9.965750032663347469e-01
1.362108660512603708e-02 9.956750041246412719e-01
1.288923091371543643e-02 9.954416710138319635e-01
1.438476084382273555e-02 9.950583380460736871e-01
1.410729320137761415e-02 9.952333378791805574e-01
1.275351277319714677e-02 9.956333374977111017e-01
1.327434458769857946e-02 9.956166708469390558e-01
1.455162785248830838e-02 9.950083380937575495e-01
1.026239344733766677e-02 9.964833366870877729e-01
1.159568592207506008e-02 9.958916705846785344e-01
1.302922493778169155e-02 9.956250041723249122e-01
1.096143616887275234e-02 9.962666702270506214e-01
1.321015072287991775e-02 9.953166711330417860e-01
1.340047127916477003e-02 9.954500043392182640e-01
1.145778525271452970e-02 9.961750036478037584e-01
1.321790488203987424e-02 9.955833369493485296e-01
1.173988830181769971e-02 9.962000036239623268e-01
1.207725676707922802e-02 9.958250039815901289e-01
1.266704844194464427e-02 9.956083375215533104e-01
1.163965804735199103e-02 9.958666700124736426e-01
1.321051856502891003e-02 9.954666709899904209e-01
1.255876080482266899e-02 9.958833372592925670e-01
1.300883285119198290e-02 9.955833375453949641e-01
1.012005054508335888e-02 9.966166698932649171e-01
1.238401485839858186e-02 9.957000041007997293e-01
1.254181829513982029e-02 9.955416709184646828e-01
1.370928674004971877e-02 9.956750041246412719e-01
1.157561071217060207e-02 9.959083372354503583e-01
1.320310849929228793e-02 9.955583375692369508e-01
1.294234366388991378e-02 9.955750042200089966e-01
1.016309865924995386e-02 9.966250032186506624e-01
1.313637959188781144e-02 9.956333374977108797e-01
1.310054523753933706e-02 9.954416710138320745e-01
1.128756329999305169e-02 9.961166703701018754e-01
1.167241040384396807e-02 9.960583370923994373e-01
1.410396386636421362e-02 9.952083379030228771e-01
1.085748390993103267e-02 9.965250033140183872e-01
1.102691150212194507e-02 9.961666703224183461e-01
1.103871075785719386e-02 9.964416700601578247e-01
1.435638762894086810e-02 9.950833380222320335e-01
1.051609626505524073e-02 9.963000035285951572e-01
1.113915648660622829e-02 9.961333370208741433e-01
1.144626167370006720e-02 9.962166702747347058e-01
1.191952498047612642e-02 9.960666704177858488e-01
1.136173860635608483e-02 9.960166704654694891e-01
1.240938394330441848e-02 9.954250043630601397e-01
1.277271879138425041e-02 9.954583376646043424e-01
1.168503739987500172e-02 9.962166702747347058e-01
1.110450898180716066e-02 9.960750037431719273e-01
1.454322469304316322e-02 9.954333376884461071e-01
1.031555295456200623e-02 9.964916700124739624e-01
1.396813893923536110e-02 9.952916711568835506e-01
1.209874471067450517e-02 9.960666704177855157e-01
