9.787915039062502487e-01 8.084604442119599499e-01
5.482858949899674927e-01 8.993312638998031128e-01
3.519413977861403642e-01 9.363146221637723698e-01
2.639017279446126407e-01 9.516417032480239957e-01
2.095421518385410797e-01 9.597667038440702569e-01
1.720853732526302637e-01 9.656604486703873613e-01
1.508090640604495825e-01 9.686271131038666216e-01
1.305122207105160193e-01 9.724521058797834794e-01
1.218255557119846677e-01 9.726687771081925504e-01
1.099543291330337125e-01 9.745916920900347113e-01
1.050162997096776990e-01 9.746937716007234576e-01
9.862204372882843462e-02 9.763666915893556286e-01
9.712357476353643271e-02 9.757041859626771618e-01
8.771293833851816213e-02 9.781125223636625288e-01
8.803724363446233103e-02 9.771875238418579190e-01
8.339428249746563826e-02 9.781583523750307929e-01
8.488943591713908610e-02 9.771166896820066006e-01
7.853561889380215877e-02 9.787750184535980447e-01
7.754694297909736633e-02 9.790187716484067826e-01
7.678085323423144981e-02 9.786562716960902630e-01
7.704146005213259596e-02 9.786021053791049695e-01
7.975490998476746085e-02 9.775041884183884866e-01
6.989598777145146491e-02 9.804666900634764204e-01
7.030316058546301483e-02 9.799521028995515914e-01
7.485609069466589438e-02 9.782562708854677380e-01
7.119448222219945666e-02 9.795354336500169401e-01
7.285949241369960028e-02 9.789541846513747370e-01
7.096919629722835132e-02 9.789854335784915484e-01
6.843423534184696344e-02 9.797208577394482809e-01
7.010179765522484008e-02 9.792541885375973809e-01
6.511797469109298353e-02 9.805604404211041292e-01
6.619690723717211456e-02 9.799875229597090343e-01
6.251363582909108541e-02 9.814104336500164560e-01
7.702807001769540474e-02 9.762104398012158013e-01
6.215788599103688750e-02 9.814750212430954912e-01
6.240399878472089462e-02 9.811312669515609430e-01
6.472165469080212730e-02 9.802771013975143388e-01
6.472432602196934170e-02 9.804791849851609564e-01
6.385206732898951465e-02 9.805875152349471380e-01
6.265719451010229313e-02 9.804625189304352340e-01
6.134511407464743327e-02 9.809375184774398182e-01
6.475690566003323989e-02 9.799333506822586193e-01
6.776317421346901571e-02 9.788583570718767390e-01
6.343569505959746613e-02 9.801854354143143544e-01
6.191325157880784441e-02 9.809770989418031828e-01
6.275883939117191113e-02 9.804354321956633145e-01
6.172165714204308484e-02 9.806062716245652622e-01
6.188854791224003560e-02 9.804458522796626330e-01
6.188011378049852046e-02 9.806708514690399836e-01
5.963867671787739799e-02 9.813896000385283758e-01
6.150652483105660540e-02 9.805521011352537064e-01
6.146952785551548781e-02 9.804166787862779175e-01
6.364116027951241539e-02 9.797979348897936092e-01
5.966147553175690094e-02 9.809958451986314776e-01
6.014213807880876977e-02 9.809104293584823830e-01
5.963438011705875924e-02 9.809896069765090543e-01
6.016840100288391169e-02 9.808729332685466318e-01
6.183349184691905309e-02 9.803312718868254505e-01
6.250078428536653963e-02 9.802270936965942205e-01
6.002483218908311741e-02 9.809312701225282316e-01
6.031646337360144910e-02 9.804771006107328990e-01
5.336162012070418126e-02 9.829104357957837435e-01
6.492124553769824946e-02 9.789250212907788518e-01
6.088166914880276809e-02 9.804208481311795786e-01
5.843477003276348336e-02 9.812125146389008012e-01
6.878602810204027806e-02 9.777771067619323020e-01
6.403933484107254825e-02 9.791625219583509621e-01
5.838537197560073055e-02 9.810958528518678445e-01
5.546134881675245099e-02 9.820771014690397038e-01
5.897902742028235390e-02 9.811250162124633967e-01
5.827549237757920914e-02 9.812354362010954345e-01
5.366206467151640042e-02 9.827020984888076294e-01
5.591184470802543910e-02 9.817000168561933471e-01
5.680734548717738391e-02 9.815333503484725552e-01
5.951366730034349239e-02 9.808291846513745860e-01
5.592025306075810304e-02 9.821708536148071600e-01
5.877470437437295331e-02 9.809541809558866010e-01
5.871763940900562306e-02 9.809604346752169857e-01
6.133720904588701311e-02 9.802312672138211447e-01
6.296616319566963882e-02 9.796291881799698009e-01
5.492767944931983837e-02 9.822500169277191828e-01
5.565106719732286489e-02 9.817979317903516856e-01
5.760938774794341355e-02 9.811041831970219729e-01
6.084259953349827749e-02 9.802333545684814853e-01
5.601869918406009868e-02 9.817416876554487803e-01
5.584106534719466414e-02 9.818583548068997580e-01
5.339858725666999512e-02 9.821750187873840021e-01
5.417272839695214809e-02 9.824562710523605524e-01
6.019232146441937104e-02 9.803708523511883710e-01
5.733299124985932749e-02 9.809375166893004039e-01
5.576499052345752772e-02 9.817791867256165927e-01
5.576502915471791277e-02 9.816541802883146373e-01
5.947498384863140336e-02 9.804166853427888073e-01
5.749353159219027648e-02 9.813312709331515338e-01
5.693474829196931014e-02 9.815104329586032961e-01
5.708138439804314596e-02 9.815521013736722145e-01
6.188109450042249965e-02 9.798250210285185391e-01
6.246915291994813851e-02 9.796375197172162430e-01
5.590691912919284329e-02 9.816750222444533547e-01
5.871003363281488557e-02 9.803750228881835671e-01
5.664424017071725131e-02 9.814541834592820368e-01
6.174616362899541799e-02 9.798958516120911399e-01
5.709864389151333985e-02 9.811125153303148494e-01
5.835186835378407960e-02 9.810104340314865778e-01
5.749298378825187100e-02 9.813437634706496659e-01
5.783384837210176627e-02 9.807812649011611317e-01
7.843045700341462478e-02 9.744729405641558984e-01
6.106201011687516222e-02 9.799312686920164106e-01
5.185776162892581642e-02 9.829375147819519043e-01
6.501484520733355477e-02 9.787708491086960505e-01
5.610378257930281193e-02 9.813791835308077749e-01
5.394535146653652025e-02 9.823041838407516879e-01
5.295988757163284932e-02 9.825541812181474155e-01
5.619565170258285225e-02 9.815250158309937190e-01
5.570817138999699381e-02 9.818458509445190385e-01
5.921560723334551996e-02 9.805271005630493697e-01
5.253696965053675921e-02 9.829166811704637130e-01
6.541392404586077181e-02 9.785146039724351708e-01
5.822028674185278363e-02 9.806312674283981234e-01
5.291692618280647437e-02 9.826625144481658802e-01
5.586958408355711947e-02 9.815479350090028365e-01
5.155945245176553338e-02 9.830041855573661280e-01
5.154478807002305790e-02 9.829937660694119117e-01
5.149070538580416412e-02 9.829270970821378794e-01
5.283813972026110001e-02 9.828229284286500445e-01
5.874525099992752158e-02 9.807041871547702572e-01
5.611242141574621090e-02 9.814000159502030973e-01
5.377322919666770173e-02 9.820250201225280140e-01
5.575007613748311081e-02 9.817854315042496838e-01
5.422209128737450617e-02 9.819062668085097867e-01
5.821210712194443276e-02 9.808166867494586549e-01
5.039468351751565794e-02 9.832833498716356813e-01
5.396255426108838293e-02 9.823562687635419843e-01
5.493008706718684186e-02 9.818625158071517811e-01
5.236762808635830879e-02 9.825125175714493064e-01
6.376414563506843658e-02 9.791146022081376188e-01
5.270842552185055901e-02 9.827062720060346646e-01
5.407660756260156132e-02 9.819916832447052046e-01
5.312038328498600720e-02 9.824458485841750521e-01
5.271381422877310929e-02 9.823146033287049050e-01
5.414311723783613028e-02 9.821000200510028311e-01
5.235089145600795718e-02 9.826833522319791125e-01
6.734754204750059703e-02 9.781041878461836925e-01
5.556839916855097622e-02 9.816500133275984918e-01
5.807547818869352590e-02 9.809396004676818048e-01
5.409714911133049059e-02 9.820812702178953746e-01
5.610485129058359610e-02 9.816000181436538297e-01
5.399450762197376130e-02 9.822437661886214144e-01
5.755255334079265039e-02 9.809771019220352439e-01
5.822087943553923284e-02 9.808541840314866089e-01
5.472992461174726320e-02 9.818979310989378595e-01
5.165992658585309705e-02 9.828916805982591542e-01
5.501901417970657404e-02 9.819645994901659014e-01
5.578313063830137031e-02 9.814708518981934970e-01
5.563602233305574990e-02 9.815604352951052824e-01
5.602528162300587922e-02 9.814583522081375966e-01
5.282595105469228836e-02 9.825250172615052069e-01
5.491799887269735447e-02 9.819083505868911876e-01
5.702032160013913858e-02 9.812500178813936547e-01
5.767383512109516136e-02 9.810396003723143021e-01
5.222003731876612154e-02 9.826000142097476298e-01
5.648171093314884039e-02 9.812104356288912088e-01
5.462602403014897579e-02 9.821270966529846991e-01
5.011429801583291294e-02 9.838125163316725486e-01
5.276224046945571233e-02 9.826812672615051758e-01
5.752528704702854212e-02 9.810062700510026046e-01
4.949518799781799788e-02 9.833645993471145097e-01
5.594206713140011805e-02 9.816812658309935768e-01
5.412435181438921689e-02 9.823458534479139193e-01
5.903405208140612842e-02 9.805271047353746328e-01
5.830292025581002707e-02 9.810187697410580610e-01
5.573504995554684482e-02 9.816708499193191884e-01
5.268583711236717038e-02 9.827437674999235373e-01
5.582845158874986252e-02 9.813187676668165826e-01
5.342753298580646404e-02 9.824750202894210194e-01
5.674578286707402525e-02 9.812166827917099265e-01
5.601561367511750239e-02 9.817208516597751844e-01
5.082229748368265188e-02 9.831333482265472989e-01
5.719779077917336307e-02 9.815833550691605014e-01
5.672865636646747672e-02 9.813708549737929498e-01
5.556476037949324015e-02 9.818375223875044355e-01
5.268328186124562884e-02 9.824187690019607899e-01
5.536598879843949994e-02 9.816208505630491521e-01
5.045392967760562591e-02 9.832604312896728871e-01
4.782879291102289099e-02 9.839916819334029174e-01
5.665854647755625556e-02 9.811833494901657238e-01
5.684411253780127793e-02 9.812250137329099342e-01
5.678877387195825632e-02 9.812125188112258423e-01
5.443761415779591051e-02 9.821437692642212003e-01
5.104354232549666165e-02 9.830916851758957353e-01
5.031092751771212152e-02 9.834396010637285190e-01
5.437110666185617641e-02 9.821354341506959296e-01
5.331225212663411039e-02 9.822291845083237494e-01
5.403503444045782561e-02 9.818000179529187132e-01
5.067518431693315145e-02 9.831354373693463877e-01
5.112639062106609511e-02 9.830896019935606578e-01
5.019626263529061716e-02 9.832979285717009521e-01
5.062482587993143851e-02 9.830000174045558925e-01
5.207265641540288065e-02 9.827229338884356791e-01
5.420818340033291272e-02 9.818916845321655762e-01
