1.435862449407577568e+00 6.396437656879426781e-01
9.768790692090983940e-01 7.586833465099336316e-01
7.410191154479979225e-01 8.148708593845367387e-01
5.798996567726133478e-01 8.575166821479796031e-01
4.861209025979041920e-01 8.777645963430402709e-01
4.379666775465009820e-01 8.862416774034500566e-01
3.843581542372703774e-01 8.994312614202503164e-01
3.486655616760255261e-01 9.071916818618777079e-01
3.206005796790124540e-01 9.131208539009094682e-01
3.065940773487090265e-01 9.161687707901001732e-01
2.951785448193549044e-01 9.172812747955321200e-01
2.771379630267619132e-01 9.227146100997924982e-01
2.660758939385413080e-01 9.252708590030670477e-01
2.593553973734377682e-01 9.258083647489548929e-01
2.496413238346577579e-01 9.287229466438290393e-01
2.546559762954711537e-01 9.261625260114669800e-01
2.494680757820606498e-01 9.270417004823685581e-01
2.284394644200801461e-01 9.334771203994750577e-01
2.350365057587623652e-01 9.303666973114013139e-01
2.252954670786857239e-01 9.336062890291214611e-01
2.308007177710533764e-01 9.312937819957733954e-01
2.152439250051974562e-01 9.362792009115218361e-01
2.114177620410919167e-01 9.366979521512985851e-01
2.107753184437750893e-01 9.370958709716794566e-01
2.050324197113513880e-01 9.387583643198014194e-01
2.040677414834499437e-01 9.387167042493821389e-01
2.012753485143184418e-01 9.396292030811308482e-01
1.988363911211490365e-01 9.400687849521637274e-01
2.014601807296276248e-01 9.388000345230105292e-01
1.973823139071464727e-01 9.402604502439497747e-01
1.893847647309303550e-01 9.424625355005267213e-01
2.000602850317954873e-01 9.384083682298660634e-01
1.990798795223236162e-01 9.394854545593264161e-01
1.916627472639083896e-01 9.411958706378935613e-01
1.870293226838112277e-01 9.423375320434570490e-01
1.852716386318206676e-01 9.433729517459870095e-01
1.846559464931487871e-01 9.429417049884796231e-01
1.908065785467625008e-01 9.415521192550658780e-01
1.802172389626503224e-01 9.445396226644515725e-01
1.837158124148845495e-01 9.434666997194290916e-01
1.821375308930874015e-01 9.432333707809453793e-01
1.716546510159969730e-01 9.469312900304797109e-01
1.769310805201529946e-01 9.448396158218382856e-01
1.828663125634192588e-01 9.431375372409821489e-01
1.734259293973444971e-01 9.458812856674195801e-01
1.770266595482826444e-01 9.444542080163955688e-01
1.737711195647717033e-01 9.459604549407956142e-01
1.717089265584945679e-01 9.462708652019500288e-01
1.720066536962985837e-01 9.464417022466661278e-01
1.625115990638733299e-01 9.491271233558654652e-01
1.657421484589576832e-01 9.481333708763124424e-01
1.708827874064445529e-01 9.464979547262191151e-01
1.685083095729351388e-01 9.472958689928053788e-01
1.707597392797469693e-01 9.462229532003403332e-01
1.678552462905645581e-01 9.474437880516052291e-01
1.647199839353561401e-01 9.491729497909543456e-01
1.650342178344727240e-01 9.482354539632801282e-01
1.678011147677898329e-01 9.474146175384523527e-01
1.634323581308126661e-01 9.486167001724241654e-01
1.644633844494820252e-01 9.480250364542008867e-01
1.601828981190919765e-01 9.497417080402372758e-01
1.621247327327728638e-01 9.486479485034946535e-01
1.601949747651815192e-01 9.494208759069442394e-01
1.610565353184938708e-01 9.493958699703217707e-01
1.572960345447063923e-01 9.504854500293732356e-01
1.657352752983569100e-01 9.479500412940978782e-01
1.620065781474112898e-01 9.485396164655685025e-01
1.598062302172184590e-01 9.496479511260982331e-01
1.646069157868623734e-01 9.478792017698287609e-01
1.619509170949459675e-01 9.486083662509916525e-01
1.562535198032855288e-01 9.510854554176330078e-01
1.595125587284564606e-01 9.492083716392516468e-01
1.609907492995261979e-01 9.490146207809446732e-01
1.597469176352024622e-01 9.483479487895963844e-01
1.631214259564876534e-01 9.481062811613084618e-01
1.566851612925529436e-01 9.504812848567962824e-01
1.591971686482430148e-01 9.495354545116422296e-01
1.546380188316106852e-01 9.505021184682845847e-01
1.597697420418262848e-01 9.496187877655027920e-01
1.543795059621334564e-01 9.509417009353638983e-01
1.548474054783582632e-01 9.506437867879867776e-01
1.510240398347376944e-01 9.519333738088605612e-01
1.595521665364503516e-01 9.490979540348053467e-01
1.461956566572188698e-01 9.533417016267774491e-01
1.508928784728049699e-01 9.511562883853910133e-01
1.514839905500411643e-01 9.514792066812512994e-01
1.517972619086504216e-01 9.516167038679121948e-01
1.596377007663249969e-01 9.491583734750748125e-01
1.490601931512354761e-01 9.525854563713072043e-01
1.541059356927872992e-01 9.507354521751401055e-01
1.550396424531936823e-01 9.505229490995406039e-01
1.535302294045687577e-01 9.514646190404889570e-01
1.569084557890891296e-01 9.498937803506852795e-01
1.541168670356273529e-01 9.505521178245542879e-01
1.438642806559801701e-01 9.540104520320891179e-01
1.535718694329261391e-01 9.510646176338197755e-01
1.527196855098008621e-01 9.512479501962657347e-01
1.474577376246452576e-01 9.531208705902098899e-01
1.619654776155947662e-01 9.485917067527769309e-01
1.455779347568749715e-01 9.539000326395036256e-01
1.544051270186901637e-01 9.502958655357360840e-01
1.564322506636381394e-01 9.502479505538937721e-01
1.511091732978820379e-01 9.515687876939774581e-01
1.463278259336948939e-01 9.532604515552519642e-01
1.452528162300585901e-01 9.535729515552520130e-01
1.457683320343493849e-01 9.533187866210939276e-01
1.555761735141277247e-01 9.505792075395587126e-01
1.494500575214624261e-01 9.524000340700150558e-01
1.575941240787506470e-01 9.499792033433914762e-01
1.538210557401179790e-01 9.510646194219591898e-01
1.562245568633080228e-01 9.496979522705079058e-01
1.558334560692309634e-01 9.501375329494475830e-01
1.441047288477420307e-01 9.539104479551313576e-01
1.507149975001811637e-01 9.518896210193635854e-01
1.522742219269275499e-01 9.518187856674195091e-01
1.445891045033931288e-01 9.538729566335678589e-01
1.463712733983993652e-01 9.533687859773636308e-01
1.580255292356014252e-01 9.493687874078750033e-01
1.461501879990101671e-01 9.531062871217728105e-01
1.493528746813535812e-01 9.518271183967587090e-01
1.517795078456401769e-01 9.512312853336333252e-01
1.460325926542282438e-01 9.534937858581544745e-01
1.468005105853080750e-01 9.530583709478379628e-01
1.433083710819482159e-01 9.542396181821822809e-01
1.533340524137020155e-01 9.510812854766850233e-01
1.506304617971181425e-01 9.519562834501267279e-01
1.485348168015479531e-01 9.529187840223313222e-01
1.476769357174634312e-01 9.532125359773634399e-01
1.448393700271845275e-01 9.537562853097917293e-01
1.450769144296646940e-01 9.538000404834747759e-01
1.394998491555452524e-01 9.553042030334473189e-01
1.449314096570014643e-01 9.534646171331403464e-01
1.420562227070331085e-01 9.543333727121351417e-01
1.421914054453373710e-01 9.545250344276426935e-01
1.472383262962104200e-01 9.532771182060240100e-01
1.488237451761962038e-01 9.526771163940430664e-01
1.490534188598394150e-01 9.525458741188049805e-01
1.456095700711012297e-01 9.538750386238095125e-01
1.421410400420426989e-01 9.541958653926851941e-01
1.521540632098912771e-01 9.514375370740888460e-01
1.480857480317353536e-01 9.526041972637177002e-01
1.420997955650091238e-01 9.544833636283874823e-01
1.419264452159404721e-01 9.544354498386384833e-01
1.498223527520895770e-01 9.517125356197360109e-01
1.468184215575457086e-01 9.526521199941634377e-01
1.403848708420991354e-01 9.550729519128801082e-01
1.421097841858863786e-01 9.547812849283215941e-01
1.404239634424447880e-01 9.549000370502469526e-01
1.466714786738156917e-01 9.535854494571683881e-01
1.495566202700137903e-01 9.520917028188704556e-01
1.428836068511009638e-01 9.541896218061447499e-01
1.421964722871780495e-01 9.545083695650097289e-01
1.463671817630529670e-01 9.533521199226381304e-01
1.455530074238777782e-01 9.532312834262849366e-01
1.434097212553024359e-01 9.546000373363494607e-01
1.411462358385324467e-01 9.545917040109633822e-01
1.393989928066730333e-01 9.555021214485165393e-01
1.458351884782314589e-01 9.532021236419678800e-01
1.376134413480758212e-01 9.557979500293731778e-01
1.379713236540555943e-01 9.555646210908890215e-01
1.454720732569693697e-01 9.537458658218386232e-01
1.429357271641492066e-01 9.545354521274569404e-01
1.429157765954731929e-01 9.541771215200424150e-01
1.441868554055691365e-01 9.538417029380799050e-01
1.421702945232391213e-01 9.543375331163405084e-01
1.387523867189884574e-01 9.552708673477169343e-01
1.424085751920938780e-01 9.540666997432707408e-01
1.422355533391237437e-01 9.546958744525905205e-01
1.481265599280596479e-01 9.529750365018844205e-01
1.395154320448637186e-01 9.555542010068894809e-01
1.443401923030613876e-01 9.540542024374006891e-01
1.398343872278929034e-01 9.551354545354845405e-01
1.406381346285343614e-01 9.547542011737824019e-01
1.407390654832125221e-01 9.548750352859498580e-01
1.477910524606704801e-01 9.528729498386382391e-01
1.408284439891577255e-01 9.545625358819962436e-01
1.405855426937341335e-01 9.550333619117736816e-01
1.420268975943327072e-01 9.543771213293077427e-01
1.357570280879736579e-01 9.563083648681639515e-01
1.418067596852778944e-01 9.546229499578475775e-01
1.396720539033412534e-01 9.553312867879869552e-01
1.385933449119329530e-01 9.555000370740888149e-01
1.401634622365236782e-01 9.549104511737828149e-01
1.372327891737223360e-01 9.564687842130662476e-01
1.377725696563720514e-01 9.560729521512982831e-01
1.354788807034492670e-01 9.566104519367218950e-01
1.439333853870630731e-01 9.539854508638382358e-01
1.383629363775254473e-01 9.557416987419128374e-01
1.352669779211282952e-01 9.564479494094848544e-01
1.358077576756477611e-01 9.562875384092329734e-01
1.442956639826298015e-01 9.541854470968245128e-01
1.492410045117139039e-01 9.525041985511778497e-01
1.365626333653927327e-01 9.559292030334471946e-01
1.395068356394767450e-01 9.558833706378934147e-01
1.370513422042131113e-01 9.562917011976241888e-01
1.390931478887796613e-01 9.557646220922471070e-01
1.363496878743171437e-01 9.566750359535215464e-01
1.410442877560854069e-01 9.553042036294939754e-01
1.370598983019589989e-01 9.563500404357909712e-01
1.390748249739408027e-01 9.552708709239964291e-01
