4.792854991555213773e-01 8.826750165224075406e-01
2.743001639842986839e-01 9.351667094230653454e-01
1.978082506358623260e-01 9.535667032003402044e-01
1.873666444420813981e-01 9.486500418186186723e-01
1.492423620074987411e-01 9.610166996717453003e-01
1.302773141115903255e-01 9.653083658218382102e-01
2.175764569640159241e-01 9.223500323295591441e-01
1.017002388834953031e-01 9.728916919231410665e-01
8.488159757107495429e-02 9.783416867256163885e-01
7.431046355515719126e-02 9.820083504915237960e-01
7.436536811292171478e-02 9.809333509206770163e-01
6.933477804064751282e-02 9.814666843414306951e-01
5.945256296545266272e-02 9.850583469867706388e-01
6.687119353562592794e-02 9.815750175714490489e-01
5.226597439497707859e-02 9.866333460807802380e-01
4.688871422782539544e-02 9.884250104427335648e-01
4.682894621044397104e-02 9.878083449602124144e-01
4.996390946209429418e-02 9.863333463668821910e-01
3.844826288521289298e-02 9.901916754245759789e-01
3.698971671983597442e-02 9.906250089406964943e-01
4.083339255303145704e-02 9.888916772603988381e-01
4.059591507539154348e-02 9.887833440303803734e-01
3.274015588685870448e-02 9.915583413839339499e-01
3.758872813545167252e-02 9.893083429336547718e-01
3.326348244212568028e-02 9.911000084877015226e-01
3.604422707110643831e-02 9.901166760921479293e-01
4.396063162013887082e-02 9.868083453178406739e-01
3.044441142119466009e-02 9.918750077486040428e-01
3.214014624245466883e-02 9.915666747093199174e-01
3.568616245873272586e-02 9.896250098943709661e-01
3.863453101366757375e-02 9.884750103950502576e-01
3.251173598691821376e-02 9.904833424091337157e-01
2.608598171733319745e-02 9.928916734457013948e-01
3.108463139273227177e-02 9.908666753768922142e-01
3.879984063096346414e-02 9.885500109195708429e-01
2.769351555034518797e-02 9.925083404779432295e-01
2.604131533764303397e-02 9.925250071287153864e-01
2.522586393170058588e-02 9.925250071287156084e-01
2.400523854419589140e-02 9.931583398580545730e-01
3.550914594903588350e-02 9.890833437442778653e-01
3.612068261951207476e-02 9.885083442926403396e-01
2.649970312137157891e-02 9.920083409547805209e-01
2.715387861244381029e-02 9.921333408355709205e-01
2.437005702406167332e-02 9.933666729927062011e-01
2.658811640925705724e-02 9.921083408594133513e-01
2.207528565078974159e-02 9.939166724681854914e-01
2.431284279562534109e-02 9.929750066995620683e-01
2.950558975338936005e-02 9.909416753053661431e-01
3.129302823916077503e-02 9.906083422899248925e-01
2.604637205600737748e-02 9.919083410501479126e-01
2.236888035200535266e-02 9.932583397626877364e-01
2.121486133430153936e-02 9.933083397150039850e-01
2.327945271972567051e-02 9.929000067710878064e-01
3.012190411332994061e-02 9.906000089645385920e-01
1.983299126382917499e-02 9.944000053405765982e-01
2.026652455795555779e-02 9.942166721820833164e-01
2.210961897857487146e-02 9.934416729211807962e-01
2.161534410435705933e-02 9.936583393812179477e-01
2.401295412331819895e-02 9.928250068426133224e-01
2.686221470125019911e-02 9.918583410978316639e-01
2.641457781195639606e-02 9.912250083684921442e-01
2.570863835513592655e-02 9.917583411931991666e-01
1.774786123074590868e-02 9.946500051021573974e-01
2.036774662323297125e-02 9.935250061750413586e-01
2.404583315830677304e-02 9.931500065326688276e-01
2.367642102763056061e-02 9.922333407402037508e-01
2.631005228497088413e-02 9.918583410978317749e-01
1.779954354744404249e-02 9.944250053167341674e-01
2.008639057632534766e-02 9.938250058889390726e-01
1.827341201249510494e-02 9.946250051259996061e-01
1.741021050605923159e-02 9.946416717767714299e-01
2.061047999653964694e-02 9.936583393812181697e-01
1.547076243441551820e-02 9.952666711807250932e-01
1.984824408777057653e-02 9.937166726589204968e-01
1.866827900987117969e-02 9.940416723489762241e-01
3.167702961713075860e-02 9.896750098466871037e-01
1.683319980744272387e-02 9.947250050306322144e-01
2.361595586407929867e-02 9.926916736364364002e-01
1.594463326502592107e-02 9.951583379507064064e-01
2.449892698321492340e-02 9.922916740179061890e-01
3.175918157212435228e-02 9.898333430290221502e-01
1.740464280825109247e-02 9.945083385705946188e-01
1.656590085476637372e-02 9.948750048875808494e-01
1.729821773245929575e-02 9.945750051736831354e-01
1.715631514322012510e-02 9.945666718482971680e-01
2.196315820794552537e-02 9.926416736841202626e-01
1.543911642394960038e-02 9.951416712999343606e-01
2.165112470276653669e-02 9.931916731595993308e-01
1.741408710367975746e-02 9.944750052690504161e-01
1.644800656940787961e-02 9.948666715621948820e-01
2.504296929109841446e-02 9.917916744947432584e-01
1.803364210762084183e-02 9.941916722059249700e-01
1.700993102509528593e-02 9.949416714906694770e-01
1.671965044923125893e-02 9.945916718244550703e-01
1.675486966967583077e-02 9.946916717290881227e-01
1.634493918158113832e-02 9.944833385944368276e-01
1.536831098608672751e-02 9.949916714429856146e-01
1.583892002701758200e-02 9.947833383083344305e-01
2.210754613392055742e-02 9.925833404064178245e-01
1.714397952891886373e-02 9.948750048875810714e-01
1.915052288677543749e-02 9.940166723728175446e-01
1.572422208264469962e-02 9.946666717529295543e-01
1.359016138827428589e-02 9.957833373546600697e-01
1.601350955665110584e-02 9.946333384513854625e-01
1.993574435822665150e-02 9.934750062227247769e-01
1.566752769052982830e-02 9.949250048398970980e-01
2.096262262202798834e-02 9.931333398818972258e-01
1.422308286651969081e-02 9.953083378076549304e-01
1.501985801849513996e-02 9.950416713953015302e-01
1.531084502581506884e-02 9.949583375453948664e-01
1.741554969921707552e-02 9.944000053405761541e-01
1.722526803845540744e-02 9.944083386659624546e-01
1.431655785301700484e-02 9.955083376169201470e-01
1.422175174579024849e-02 9.953666710853577015e-01
1.506177920848131464e-02 9.951916712522502761e-01
1.869401235599069816e-02 9.940250056982039562e-01
1.705376386875286782e-02 9.946666717529297763e-01
1.868700508959591361e-02 9.940083390474320213e-01
1.511988883139565171e-02 9.953916710615158259e-01
1.969109062105417821e-02 9.938500058650974189e-01
1.695554483216256056e-02 9.946333384513853515e-01
1.366821880685165427e-02 9.955583375692366177e-01
1.593357187928631444e-02 9.945333385467528542e-01
1.470682587008923133e-02 9.952416712045666358e-01
1.573950622230767954e-02 9.946750050783158548e-01
1.469726611394435445e-02 9.950833380222322555e-01
1.615405190270393504e-02 9.947333383560182929e-01
1.126105697476305519e-02 9.963000035285951572e-01
1.445976029383018446e-02 9.953666710853574795e-01
1.582738931756465933e-02 9.945416718721391547e-01
1.395003299694508488e-02 9.955416709184645718e-01
1.602544304681942020e-02 9.948916715383528953e-01
1.502410419750959021e-02 9.951750046014783413e-01
1.772711229976266581e-02 9.942666721343993430e-01
1.434687340864911759e-02 9.952333378791811125e-01
1.351622608490288258e-02 9.958583372831343317e-01
1.405788158066570946e-02 9.953750044107434469e-01
1.520212960662319784e-02 9.948166716098785223e-01
1.667610486270860656e-02 9.942333388328548072e-01
1.755109515041112719e-02 9.942333388328556953e-01
1.486713694874197342e-02 9.952000039815902532e-01
1.208433914929628490e-02 9.959416705369950051e-01
1.208463954972103377e-02 9.962333369255065296e-01
1.697872479911893134e-02 9.941916722059251921e-01
1.472614158410578966e-02 9.951750046014785633e-01
1.117667964659631134e-02 9.964333367347718573e-01
1.460958500392734935e-02 9.951416712999345826e-01
1.531597272492944521e-02 9.949083381891249411e-01
1.437478519743308480e-02 9.952333378791811125e-01
1.618976792786270061e-02 9.942833387851713889e-01
1.259650053922087287e-02 9.958666706085204101e-01
1.601602457463740734e-02 9.947916716337203979e-01
1.618074444355442620e-02 9.947083383798601686e-01
1.468731184257194775e-02 9.951250046491623147e-01
1.464487639255821795e-02 9.953666710853575905e-01
1.421623632078990174e-02 9.952916711568832175e-01
1.971355201676487645e-02 9.936750060319899935e-01
1.275888567091897075e-02 9.958166706562040504e-01
2.094341609161346277e-02 9.930750066041947877e-01
1.318155932240187671e-02 9.957500040531159780e-01
1.276470331940800229e-02 9.958000040054322266e-01
1.322480375878512353e-02 9.956500041484834806e-01
1.600593067239969650e-02 9.947583383321758621e-01
1.481714060064404787e-02 9.950666713714602096e-01
1.286909284535795069e-02 9.955333375930787154e-01
1.599091982934622638e-02 9.948166716098785223e-01
1.175031905178911852e-02 9.959666705131527964e-01
1.407115864101797509e-02 9.955000042915342906e-01
1.429636549670249002e-02 9.953916710615158259e-01
1.672264744061976310e-02 9.940583389997477148e-01
1.345658863894641337e-02 9.954416710138319635e-01
1.572126462589950452e-02 9.945833384990694359e-01
1.650532713159918660e-02 9.945416718721391547e-01
1.243322252179495865e-02 9.958833372592923450e-01
1.339074189076200176e-02 9.956500041484831476e-01
1.213687336305156045e-02 9.960500037670134699e-01
1.134143370669335113e-02 9.961333370208741433e-01
1.164447561837732986e-02 9.960083371400830776e-01
1.377125570317730419e-02 9.952333378791808904e-01
1.360680256271734959e-02 9.954166710376742833e-01
1.080402949592098455e-02 9.962666702270507324e-01
1.471500055398791869e-02 9.950416713953019743e-01
1.278011797461658244e-02 9.959416705369947831e-01
1.293871247675269787e-02 9.954250043630602507e-01
1.187598441611044213e-02 9.959750038385395410e-01
1.799846369074658073e-02 9.938666725158687987e-01
1.424926979001611173e-02 9.950666713714597655e-01
1.287886389880441539e-02 9.956583374738695591e-01
1.218693160917610173e-02 9.960250037908554566e-01
1.135319163324311278e-02 9.962500035762790196e-01
1.378832990070804829e-02 9.954500043392181530e-01
1.472429454326629195e-02 9.949833381175997582e-01
1.066872956696897877e-02 9.965833365917206033e-01
1.081185912829824014e-02 9.964666700363158380e-01
1.182543144328519757e-02 9.958000040054321156e-01
1.040266981697641341e-02 9.964750033617020275e-01
1.127208765363320493e-02 9.964000034332275435e-01
1.174912271788343572e-02 9.959666705131532405e-01
1.491242516320198490e-02 9.948583382368084704e-01
1.147730241296812843e-02 9.959750038385392079e-01
