8.957771605253219693e-01 6.892500174045567141e-01
5.747262638807296709e-01 8.100666922330856945e-01
4.389592063426971391e-01 8.572166860103606068e-01
3.684003788232803056e-01 8.822000151872636531e-01
3.169032251834867364e-01 8.962333500385283314e-01
2.766397713124751911e-01 9.123916995525360729e-01
2.564636965095995480e-01 9.171833682060241966e-01
2.317329776287078980e-01 9.258750325441359452e-01
2.255176293849945335e-01 9.268583720922468627e-01
1.993134117126465488e-01 9.363500386476516502e-01
1.862278050184250355e-01 9.407917010784145884e-01
1.652994329482317115e-01 9.487083750963213324e-01
1.630662833154201685e-01 9.486750388145447355e-01
1.619193211942910604e-01 9.491250389814378519e-01
1.453552471101284271e-01 9.541000354290009033e-01
1.324435930699109643e-01 9.586083698272706011e-01
1.283951264619827559e-01 9.595250326395037277e-01
1.287547083199024611e-01 9.590583658218384544e-01
1.230140669643879220e-01 9.602250331640244108e-01
1.127231681346893277e-01 9.654500305652617964e-01
1.184475016593933283e-01 9.621417009830475209e-01
9.923189241439103747e-02 9.693250262737274081e-01
9.524051029235121313e-02 9.707083600759507380e-01
9.754213102161887750e-02 9.691916942596435769e-01
1.011884672194719725e-01 9.672666966915128839e-01
8.958608336746691492e-02 9.707000273466110940e-01
1.024929440394043850e-01 9.667416960000990711e-01
1.039083987474441056e-01 9.664500284194945667e-01
8.017656620591878669e-02 9.747333556413653177e-01
8.743285249918701652e-02 9.715250259637834285e-01
8.056655421853065047e-02 9.746416908502579801e-01
1.029377742856740913e-01 9.661416983604429465e-01
8.239439137279985781e-02 9.736250251531597399e-01
9.257019408047199860e-02 9.708000260591506114e-01
8.080948609858749909e-02 9.742916911840439065e-01
7.588416006416082160e-02 9.756500232219695867e-01
7.377776931971311014e-02 9.764333558082581854e-01
7.862675968557596151e-02 9.744166910648343061e-01
8.463425777852534582e-02 9.723500233888625610e-01
7.960421938449142865e-02 9.736666905879974854e-01
7.785257771611212019e-02 9.742083579301833440e-01
7.885588854551316140e-02 9.740333569049833828e-01
7.332451768219468147e-02 9.761833554506300636e-01
7.018723331391811537e-02 9.773000204563140336e-01
7.419305942952635069e-02 9.757916897535324763e-01
6.781613595783707316e-02 9.776166874170298948e-01
7.205161765217779624e-02 9.768500196933747048e-01
6.875682868063449915e-02 9.777750200033189509e-01
7.677844813093541443e-02 9.749250239133834262e-01
7.108063228428361524e-02 9.767750215530395241e-01
6.801411315798762403e-02 9.771750205755233010e-01
6.354501182213424804e-02 9.795250195264814108e-01
6.686660738661882875e-02 9.781666874885555085e-01
5.813227092847227800e-02 9.809666842222216632e-01
6.924540730193258498e-02 9.772166877984996836e-01
6.425976982340213250e-02 9.784583532810214868e-01
6.018834568560123277e-02 9.807000172138216065e-01
6.084008820354937924e-02 9.797833520174027422e-01
6.238325973972678323e-02 9.796416860818863981e-01
6.243916682898998510e-02 9.802000182867049993e-01
6.520296908915042267e-02 9.782750207185746394e-01
5.965624796226621368e-02 9.802833509445192384e-01
5.444688128307461489e-02 9.825000166893006481e-01
5.910791438072919568e-02 9.807500177621841786e-01
5.951353382319213986e-02 9.805750167369841064e-01
6.565498912706971280e-02 9.783250200748443426e-01
5.377947067841887946e-02 9.826833498477937079e-01
5.660728562623262156e-02 9.810083514451982678e-01
5.752443561330435745e-02 9.809250175952913819e-01
5.202793948352337633e-02 9.831416821479798118e-01
5.369811652228236726e-02 9.828000158071518166e-01
5.429687596857548509e-02 9.817083507776257489e-01
5.774868788197638075e-02 9.807750177383421919e-01
4.995124123990533904e-02 9.840250152349470092e-01
5.133620038628576576e-02 9.835416823625564575e-01
5.634650567546486966e-02 9.819916838407515280e-01
5.292977733537553020e-02 9.823416829109193893e-01
5.511508982628585129e-02 9.815500175952909245e-01
6.197523236274719849e-02 9.794916856288911067e-01
5.243750114925205263e-02 9.825083500146868376e-01
5.289416704326867918e-02 9.823583501577373145e-01
5.015590555965900726e-02 9.832750159502030574e-01
5.372035169973968932e-02 9.817083507776259710e-01
4.743345373310148966e-02 9.843250149488447232e-01
4.705501038581132861e-02 9.844916814565659591e-01
5.373505940660833896e-02 9.827666831016539373e-01
5.058304291218519017e-02 9.833916825056077116e-01
4.699718834832311565e-02 9.843500149250029585e-01
4.650442054495212973e-02 9.845000141859056031e-01
4.960124038159847287e-02 9.833916825056072675e-01
4.973619066178801285e-02 9.829583489894864190e-01
5.464219364337623980e-02 9.817666840553285201e-01
4.936226950958372273e-02 9.836166822910309415e-01
4.752203622832893576e-02 9.841416811943055620e-01
5.656135424971581865e-02 9.809666842222212191e-01
5.083628321066499534e-02 9.832166826725003972e-01
4.674422828480602476e-02 9.842166817188260364e-01
4.997365552000700845e-02 9.837750154733658770e-01
4.634411299601197409e-02 9.843083477020266869e-01
5.182051038369536039e-02 9.828166830539700749e-01
4.726551078259946109e-02 9.842333483695983043e-01
4.997833201661705527e-02 9.835833483934403043e-01
4.917792625725269512e-02 9.840583485364913230e-01
4.499532444402574993e-02 9.851833474636081389e-01
4.259457567706705777e-02 9.860416793823240100e-01
4.545747865922748071e-02 9.851750141382217274e-01
5.000583766959607740e-02 9.835500156879425360e-01
4.512016594409943432e-02 9.849166798591614258e-01
4.320264920592309377e-02 9.861083459854126376e-01
4.567046258598565778e-02 9.850416809320449163e-01
4.308149054646494280e-02 9.860083466768264637e-01
4.315828680060803529e-02 9.858916801214218095e-01
4.705956566147504599e-02 9.844083476066588512e-01
4.478229673579336295e-02 9.851833468675615935e-01
4.845589237287642459e-02 9.841083484888074606e-01
4.149405733682214048e-02 9.872666788101199797e-01
3.935400088317691364e-02 9.869916790723801681e-01
4.548267504200339401e-02 9.849083477258681052e-01
4.823272634297609551e-02 9.838416820764540605e-01
4.509683655574917710e-02 9.852000135183331953e-01
4.153866723179817227e-02 9.862583464384081511e-01
4.405606799758973041e-02 9.853416806459429633e-01
4.923024339601399235e-02 9.835416817665100231e-01
4.027818310074508107e-02 9.868583458662031349e-01
4.875388555228710175e-02 9.839416819810866688e-01
4.334155899472533907e-02 9.858166790008547897e-01
4.502433390356600645e-02 9.853083473443984275e-01
4.222741854377091292e-02 9.860666799545287908e-01
4.624285259284080518e-02 9.843000143766402754e-01
4.054772674106061486e-02 9.867833459377286509e-01
3.861950612626969398e-02 9.870500123500824952e-01
4.547845114022493890e-02 9.855166798830033992e-01
4.320983750745654300e-02 9.857833468914035668e-01
4.395819797180593874e-02 9.851333469152453448e-01
5.172588305547833054e-02 9.826666831970215510e-01
4.052598025649786773e-02 9.867583459615705266e-01
4.000002146698535682e-02 9.867250126600264348e-01
4.015090853907166135e-02 9.863916796445845181e-01
4.687192284502088302e-02 9.843833482265477164e-01
4.551274327561258271e-02 9.846500146389004504e-01
4.238500906154513831e-02 9.855250138044355790e-01
4.965792495757341551e-02 9.835916817188261607e-01
4.149964709766208737e-02 9.866166788339613136e-01
4.213562717661260837e-02 9.853250139951705844e-01
4.220388447865844328e-02 9.860833466053008367e-01
4.200120838358999825e-02 9.860333466529848101e-01
4.389872509986163934e-02 9.855833470821381281e-01
4.435692231170832583e-02 9.852750140428542247e-01
4.090410783886909429e-02 9.861666798591612881e-01
4.073059759102761607e-02 9.864666795730594462e-01
4.734644246287645492e-02 9.840333485603334207e-01
3.889483536593616592e-02 9.871083456277849333e-01
3.983507629483938606e-02 9.869000124931336382e-01
4.309831019490956150e-02 9.860916799306868041e-01
4.409107396379113170e-02 9.858333468437193714e-01
4.255085015669465148e-02 9.855000138282773436e-01
4.094436924904585468e-02 9.864083462953567860e-01
4.280968979001045088e-02 9.859500133991243587e-01
4.997073868289587245e-02 9.833000159263614037e-01
4.384548442438244292e-02 9.852583467960355224e-01
4.169051768258213997e-02 9.856666803359982465e-01
4.278164734132586244e-02 9.859500133991238036e-01
4.468400184996426661e-02 9.850500142574309947e-01
3.624197652563451028e-02 9.876250118017197988e-01
4.116419101133941827e-02 9.857333457469938942e-01
4.033337105996907118e-02 9.865916794538496237e-01
4.131354910321533014e-02 9.862500131130219616e-01
5.232104700058699126e-02 9.824250161647798407e-01
4.720820542424917360e-02 9.840000152587891069e-01
4.439378873445092716e-02 9.851833474636081389e-01
4.485791736282406655e-02 9.848250138759616634e-01
4.269962028600277765e-02 9.859250134229657903e-01
4.088983174413440141e-02 9.866333460807801270e-01
4.521100729703905058e-02 9.850083470344542791e-01
4.189985216595230183e-02 9.861083459854124156e-01
4.377166856080292462e-02 9.856000137329102850e-01
4.141713717021045654e-02 9.855333471298218795e-01
4.456269430927932429e-02 9.847750139236448597e-01
4.156372496858241200e-02 9.863666796684266158e-01
4.318782595917582123e-02 9.852500140666959894e-01
3.997225395403801451e-02 9.868666779994965665e-01
4.019377048127351776e-02 9.861333465576169743e-01
4.249215695075689997e-02 9.858000135421750576e-01
3.997400861233471603e-02 9.858166801929473255e-01
4.285770292393862452e-02 9.859500122070314898e-01
4.059251992963255201e-02 9.863833463191988837e-01
4.459174486808480109e-02 9.850083470344546122e-01
4.255759093910455038e-02 9.855833470821380171e-01
3.606183187104761850e-02 9.878416782617571723e-01
3.909935876261442372e-02 9.873333454132081632e-01
3.788278106600044548e-02 9.873166787624362284e-01
3.920221783220766837e-02 9.866500121355055164e-01
3.921670670621096866e-02 9.871750122308732278e-01
3.870992888230831430e-02 9.871083450317382768e-01
3.703413465991616665e-02 9.872500121593476008e-01
3.438341923989354787e-02 9.885500103235246305e-01
3.787089864723384991e-02 9.869833457469939786e-01
4.040852482430635356e-02 9.866666793823244408e-01
4.520530418492854641e-02 9.848000138998033171e-01
4.127631450071930774e-02 9.862833464145660534e-01
