7.208576023578643355e-01 8.583395969867706476e-01
3.600687992572784712e-01 9.300979512929916648e-01
2.310693484544754650e-01 9.522812867164611728e-01
1.871110092103482059e-01 9.565542054176330300e-01
1.507233317196368938e-01 9.636937808990480026e-01
1.412452776730060422e-01 9.628125333786010653e-01
1.171739482879638333e-01 9.692458575963970313e-01
1.191827429085969697e-01 9.666958647966388263e-01
1.065479509532451657e-01 9.699937766790391880e-01
1.060309695452451711e-01 9.690604478120802279e-01
1.022240211069583432e-01 9.700250244140627975e-01
8.730858109891415086e-02 9.746583592891695513e-01
8.909046642482278122e-02 9.736187756061553955e-01
8.313752967864274090e-02 9.752458554506303612e-01
8.201578635722393817e-02 9.755479377508163852e-01
7.977970581501721281e-02 9.756166917085649093e-01
8.384811799973253266e-02 9.741958576440811202e-01
8.247560564428572938e-02 9.743812787532808439e-01
7.898959774523971189e-02 9.753125262260439188e-01
7.995664067566393696e-02 9.749646067619325285e-01
7.901123765856025993e-02 9.749291896820068137e-01
7.498190492391591799e-02 9.762437713146209228e-01
7.184905551373960142e-02 9.771771085262298540e-01
7.181998658925291268e-02 9.770937669277195425e-01
7.119541361927986256e-02 9.770354390144347922e-01
6.976892784237864742e-02 9.773750227689743664e-01
6.754241794347763672e-02 9.783520984649660690e-01
6.606243487447500951e-02 9.790458559989928533e-01
6.815351825207471848e-02 9.782729357481003696e-01
6.645576257258652142e-02 9.784521007537845261e-01
6.546758428215977699e-02 9.789812725782397473e-01
7.015504579991101164e-02 9.774708551168439508e-01
6.664030097424980537e-02 9.781104391813281174e-01
6.902909599244595740e-02 9.772854387760162576e-01
6.779245138168334128e-02 9.778979367017742730e-01
6.284114774316548746e-02 9.794375193119048140e-01
6.275738272815944985e-02 9.793854367733001443e-01
6.357547555118797655e-02 9.791083538532254771e-01
6.307132806628944210e-02 9.792625224590302269e-01
6.399709332734346279e-02 9.789437705278395407e-01
6.226543754339216447e-02 9.794562697410582608e-01
6.255529515445233668e-02 9.791812723875046309e-01
6.311289358884099310e-02 9.789333510398865457e-01
6.312931481748819407e-02 9.792041850090026367e-01
6.042964432388544388e-02 9.798021000623698962e-01
5.946926768869161689e-02 9.803916847705839155e-01
6.151437673717735644e-02 9.794625186920170590e-01
6.063512284308671813e-02 9.799604338407513771e-01
5.931873265653846150e-02 9.802604383230210106e-01
6.600422319024804030e-02 9.780354368686675626e-01
5.970896195620297581e-02 9.801812660694121382e-01
5.936937138438224543e-02 9.803520995378497416e-01
5.773572973906992978e-02 9.806646013259887606e-01
6.222697582095863822e-02 9.790646070241926235e-01
5.917799942195416801e-02 9.800333529710767433e-01
5.775853969156743289e-02 9.806458485126495761e-01
5.621428720653057903e-02 9.812916821241377541e-01
5.976898502558469772e-02 9.799375170469284413e-01
6.128985449671747049e-02 9.791750192642214579e-01
5.899171784520149814e-02 9.800729358196258456e-01
5.697888463735580056e-02 9.807000178098675969e-01
5.922491870820522503e-02 9.800208544731142668e-01
5.572916772216558734e-02 9.811333513259891115e-01
6.000158548355102178e-02 9.796812695264817128e-01
5.703955847769973803e-02 9.807896012067796043e-01
5.331003252416848665e-02 9.819729340076446267e-01
5.648123074322938114e-02 9.808750152587891735e-01
5.624058812856674860e-02 9.811166840791706312e-01
5.627100232988595241e-02 9.808187669515607832e-01
5.677391484379768621e-02 9.809229326248171121e-01
5.657586876302958534e-02 9.806125199794769598e-01
5.270317019894719957e-02 9.821312642097472789e-01
5.578409010544419649e-02 9.811812686920164950e-01
5.705725230276584292e-02 9.803271013498308095e-01
5.528280086815358374e-02 9.814458495378496350e-01
5.327194750308991700e-02 9.820583474636074284e-01
5.526071436703205303e-02 9.813708508014679088e-01
5.428245404735208141e-02 9.816062670946120727e-01
5.331476964056491852e-02 9.817750179767611440e-01
4.862086350098251963e-02 9.835625123977661532e-01
5.122772213071585118e-02 9.823208469152451272e-01
5.266563564538954967e-02 9.819604325294495339e-01
5.150265213102101641e-02 9.825875163078308105e-01
5.571702111512421424e-02 9.810791856050491422e-01
5.809591062366962350e-02 9.802666819095611217e-01
4.981128677725792098e-02 9.829437655210496727e-01
5.426066305488346647e-02 9.817646014690399880e-01
5.468210820108652254e-02 9.814895999431610951e-01
5.486979119479656192e-02 9.817083483934403443e-01
5.401723444461822149e-02 9.815187650918960616e-01
5.202535156160593283e-02 9.823270988464354314e-01
5.601044751703739694e-02 9.812000167369845371e-01
5.431588210165501363e-02 9.815791797637940519e-01
5.309246005490423498e-02 9.822062671184539351e-01
5.278181448578833646e-02 9.818396002054211591e-01
4.985190987586974459e-02 9.829021018743516747e-01
5.400471789762380237e-02 9.815666830539702126e-01
5.079972445964814343e-02 9.825666862726212258e-01
5.051757644861937235e-02 9.827875131368635220e-01
5.222019735723731904e-02 9.822000163793563887e-01
5.058023348450661066e-02 9.830354309082031117e-01
5.012941127642989159e-02 9.828062695264815352e-01
5.247154196724294895e-02 9.820729315280916083e-01
4.993542497977616207e-02 9.831208479404450751e-01
5.296898033469915612e-02 9.816270995140078393e-01
5.329362241551281743e-02 9.815041846036910433e-01
4.907668802887200921e-02 9.834354370832443237e-01
5.248998492956164635e-02 9.821833521127704136e-01
5.001260705292225744e-02 9.830208528041838312e-01
5.035848401486872628e-02 9.826291793584825962e-01
5.172371966764331697e-02 9.821166843175888062e-01
5.129583619534967137e-02 9.825562655925752509e-01
4.912225797772407782e-02 9.831937652826311380e-01
4.869329858571291164e-02 9.834000116586685269e-01
5.229624819010494918e-02 9.816937643289568305e-01
5.029494745656850480e-02 9.827521020174025956e-01
4.980022300034760846e-02 9.827958506345753076e-01
5.173022134229540714e-02 9.821437674760817860e-01
5.222222905606031806e-02 9.821791797876356922e-01
4.846570882946252962e-02 9.834583497047422185e-01
4.794480722397568423e-02 9.836312663555144553e-01
5.214742986485362136e-02 9.824666881561276988e-01
5.017824467271567168e-02 9.828416794538497037e-01
5.051769532263280377e-02 9.829354357719423119e-01
4.951448678970336165e-02 9.830354309082031117e-01
4.928825015202164400e-02 9.832646012306215377e-01
4.920139601454138339e-02 9.829437667131425416e-01
4.655514543876052014e-02 9.841146016120907447e-01
5.392531249672175703e-02 9.816812634468077281e-01
4.880561586469411156e-02 9.833041805028917004e-01
4.897424163296819344e-02 9.832375156879427092e-01
4.793981578201054333e-02 9.834875178337098012e-01
4.965085007250307630e-02 9.828833484649659447e-01
4.854399085044860257e-02 9.830812656879427403e-01
5.005635654553774322e-02 9.828312647342681840e-01
4.790352920070289205e-02 9.833833509683604923e-01
4.900930972769856897e-02 9.831291854381560835e-01
4.926137359812857858e-02 9.831875115633011974e-01
4.927199935540556297e-02 9.831416821479801449e-01
4.745415078476071524e-02 9.838854306936261063e-01
4.731419308111072669e-02 9.837125170230864857e-01
4.703111460432411045e-02 9.838625162839890193e-01
4.879305053502320383e-02 9.831646007299421619e-01
4.774330923333763854e-02 9.832854318618775569e-01
5.141630439087747917e-02 9.826354324817656583e-01
4.811715135350824041e-02 9.835458475351331886e-01
4.603198489174244873e-02 9.842770987749102085e-01
4.708987845107912018e-02 9.838312661647795609e-01
4.801011675968765158e-02 9.833541798591614036e-01
4.647720335051418183e-02 9.840583485364914340e-01
4.684530066326261788e-02 9.839854276180265424e-01
5.006919227540494038e-02 9.826104336977002918e-01
4.866314459592104014e-02 9.833770996332168446e-01
4.834795031696557943e-02 9.834270972013472445e-01
4.742669386789202107e-02 9.837250149250031939e-01
4.761457845568655561e-02 9.834479296207426779e-01
4.772309402003885315e-02 9.833708477020260963e-01
4.791632914915682634e-02 9.834771013259886452e-01
4.689253794029356326e-02 9.840562665462493364e-01
4.547174422070384553e-02 9.843125146627428323e-01
4.909572290256620369e-02 9.832958465814594096e-01
4.693089211359618290e-02 9.836625152826313778e-01
4.694428093731401602e-02 9.838875144720076182e-01
4.565041657537222131e-02 9.843166834115977260e-01
4.751741623505948559e-02 9.837770980596540760e-01
4.914926132187248664e-02 9.831583523750305753e-01
4.717290222644806436e-02 9.836479347944258045e-01
4.735533671453596299e-02 9.836041837930681320e-01
4.761129532009363008e-02 9.836062711477279175e-01
4.800870375707744914e-02 9.834625160694120405e-01
4.618881363421679931e-02 9.844125187397005927e-01
4.664401659741997802e-02 9.838020992279051802e-01
4.626251345500349138e-02 9.841666817665102318e-01
4.529018782079217986e-02 9.844666802883148549e-01
4.567257270216941445e-02 9.842666810750961837e-01
4.503541743382812046e-02 9.845083481073378939e-01
4.818548880517484201e-02 9.831125122308730369e-01
4.708843119442464309e-02 9.837562608718870560e-01
4.793566077947616910e-02 9.835916781425475541e-01
4.648428728803991744e-02 9.839770978689198477e-01
4.605330977588891622e-02 9.841895961761474299e-01
4.818809553980824695e-02 9.832791805267334651e-01
4.511674048379063495e-02 9.845146018266676124e-01
4.724783483892678465e-02 9.838687658309936968e-01
4.638423716649413275e-02 9.841541844606397360e-01
4.650122851133347418e-02 9.841083467006682683e-01
4.666970750316977445e-02 9.837166780233383978e-01
4.972185401245950154e-02 9.828500151634216309e-01
4.410144295543431958e-02 9.845604288578032603e-01
4.374646589159966042e-02 9.853083443641663663e-01
4.783245278522373078e-02 9.834583491086962281e-01
4.787630282342433125e-02 9.835583484172818469e-01
4.651681670919059070e-02 9.842062693834303655e-01
4.784880062565207565e-02 9.839646029472350897e-01
4.522927541285753916e-02 9.843229323625564131e-01
4.643415233120322394e-02 9.842896002531050792e-01
4.597017366439103830e-02 9.841208475828169266e-01
4.383936062455174448e-02 9.848416769504546586e-01
4.291831804439425607e-02 9.852145969867703856e-01
4.389240132644773446e-02 9.846583467721939931e-01
