1.201205030679702856e+00 6.951250171661379484e-01
7.936209374666215455e-01 7.977187746763229059e-01
5.894357699155807762e-01 8.468896061182021873e-01
4.974686536192892694e-01 8.658583480119703690e-01
4.222614163160324230e-01 8.838979250192643411e-01
3.812272733449935114e-01 8.925229328870774026e-01
3.534238567948341236e-01 8.983020949363708096e-01
3.265380138158798795e-01 9.047604352235791847e-01
3.222743847966194619e-01 9.044416850805282460e-01
3.103896592557429113e-01 9.059458565711975275e-01
3.053902025520803254e-01 9.069062662124633967e-01
2.779458221793174588e-01 9.156187731027604082e-01
2.725891062617301630e-01 9.159833604097364912e-01
2.698585805296896956e-01 9.173146063089371305e-01
2.664743369817734187e-01 9.179625236988068204e-01
2.569549539685249684e-01 9.206771069765093962e-01
2.564632754027843520e-01 9.204687726497652323e-01
2.422105517983436374e-01 9.244583606719972702e-01
2.421106527745724435e-01 9.242250293493272650e-01
2.386181662976741835e-01 9.249291956424712247e-01
2.328733880817890622e-01 9.267062771320344616e-01
2.260180835425853740e-01 9.292458587884903087e-01
2.303676874935627616e-01 9.274187809228897628e-01
2.258654519915580805e-01 9.286687821149824940e-01
2.163112580776214711e-01 9.312666958570479103e-01
2.249663163721561943e-01 9.286083608865738359e-01
2.188525028526782656e-01 9.314958643913267000e-01
2.129677429795265864e-01 9.327687805891038408e-01
2.135047502815724252e-01 9.328354477882385698e-01
2.061103701591492365e-01 9.352458679676051156e-01
2.120265412330627208e-01 9.327479511499405795e-01
2.046078237891197082e-01 9.348750340938571934e-01
2.024126581847667250e-01 9.354708683490755572e-01
2.008150917291641191e-01 9.363354474306109232e-01
2.037250541150570360e-01 9.354229545593260031e-01
1.992778962850570990e-01 9.366646254062651611e-01
1.977963383495807415e-01 9.369333708286283757e-01
1.974993160367011780e-01 9.372375363111498103e-01
1.933316959440707916e-01 9.392229455709456554e-01
1.921995142102241871e-01 9.390167039632800750e-01
1.946367292106151725e-01 9.374729508161544489e-01
1.923907312750816057e-01 9.391542047262192439e-01
1.908141478896141774e-01 9.393854582309718593e-01
1.889539769291877225e-01 9.398167014122011942e-01
1.926506894826888749e-01 9.387250363826754596e-01
1.858493311703204309e-01 9.414333719015124391e-01
1.879348585009574801e-01 9.401812851428986706e-01
1.865034796297550534e-01 9.406312841176984740e-01
1.797094202041626121e-01 9.428542065620422186e-01
1.838465689122676383e-01 9.412896174192431076e-01
1.774594283103943237e-01 9.432125395536422596e-01
1.759178976714611820e-01 9.435479563474653553e-01
1.778949454426765608e-01 9.434917008876801958e-01
1.839562261104583651e-01 9.412187844514845469e-01
1.752050769329071833e-01 9.441750293970108121e-01
1.748822578042744935e-01 9.440833699703217174e-01
1.762301217019558996e-01 9.437208676338195712e-01
1.741500757634639740e-01 9.444312876462933604e-01
1.763104045391083452e-01 9.438812881708142921e-01
1.756348584592342665e-01 9.439292001724247649e-01
1.763214072585104764e-01 9.438521218299862348e-01
1.762295585870743142e-01 9.440000426769258324e-01
1.709784877300263017e-01 9.457083708047864246e-01
1.705892980843781992e-01 9.454291987419126686e-01
1.667246466130017646e-01 9.464958691596985219e-01
1.711153711378574915e-01 9.454375380277633134e-01
1.756918108463287886e-01 9.445792013406755228e-01
1.692664586007595895e-01 9.465729522705078613e-01
1.695818296074866338e-01 9.458167010545731612e-01
1.662473120540380600e-01 9.466792029142379050e-01
1.730180060118436947e-01 9.442937856912611005e-01
1.678140804916619655e-01 9.463812869787220361e-01
1.675015760958194211e-01 9.468000364303590377e-01
1.632066218554973080e-01 9.477833777666089254e-01
1.632447727769613388e-01 9.478042018413541658e-01
1.617008984088897094e-01 9.479729485511784182e-01
1.619124630093574380e-01 9.481271243095394929e-01
1.608322750031948301e-01 9.482917022705078525e-01
1.667403849214315892e-01 9.463417035341262773e-01
1.573785975575447971e-01 9.495979547500610352e-01
1.610823317617177952e-01 9.481396180391313822e-01
1.616795036196709556e-01 9.484771186113361008e-01
1.617997809499502060e-01 9.482479500770568670e-01
1.609380567073822044e-01 9.486500370502469748e-01
1.633357909321786205e-01 9.472562891244888927e-01
1.616007517278194028e-01 9.483687919378281928e-01
1.623391170799732275e-01 9.482562839984893799e-01
1.597771977633238305e-01 9.486812895536426149e-01
1.563242883235215486e-01 9.503729510307309392e-01
1.536456439644097449e-01 9.503292042016981966e-01
1.522319914400576679e-01 9.512375366687774170e-01
1.618666289746761577e-01 9.485229557752611340e-01
1.562633095681666973e-01 9.495229518413542680e-01
1.551794097572565256e-01 9.505104577541347854e-01
1.533155767619609755e-01 9.507937866449358566e-01
1.548206665366887447e-01 9.507250350713729592e-01
1.545272830873727632e-01 9.502271205186844094e-01
1.523094897717236773e-01 9.507104486227035967e-01
1.528661630302667607e-01 9.511417073011398937e-01
1.552663473784922921e-01 9.496271175146104859e-01
1.536450268328189706e-01 9.501937842369083675e-01
1.550971316546201351e-01 9.503729534149170100e-01
1.561918688565492874e-01 9.499458688497540715e-01
1.532069640606641692e-01 9.508792048692705778e-01
1.493731261789799092e-01 9.521271193027495139e-01
1.533643602579832232e-01 9.507521140575407870e-01
1.503904489427805302e-01 9.521208721399303521e-01
1.557014642655849268e-01 9.504854512214663265e-01
1.484263237565755233e-01 9.520396178960797151e-01
1.495674116909504192e-01 9.520521193742749189e-01
1.489132217317819529e-01 9.520958691835403886e-01
1.499332942813634828e-01 9.515458685159685626e-01
1.502875729650259007e-01 9.517333751916884355e-01
1.459777752310037480e-01 9.529792004823680607e-01
1.475168610364198940e-01 9.525833702087400656e-01
1.479835139960050394e-01 9.526771235466002796e-01
1.452904307097196701e-01 9.531625366210938477e-01
1.513807704299688917e-01 9.522104513645173185e-01
1.542236901819705186e-01 9.504312884807587514e-01
1.484630370140076483e-01 9.523208695650102751e-01
1.513131849467754808e-01 9.514729523658748134e-01
1.497005013376473403e-01 9.518458700180052467e-01
1.484025364369154776e-01 9.524312865734100297e-01
1.493148063123225788e-01 9.518854528665541270e-01
1.529232994467020490e-01 9.512875384092329689e-01
1.525540900230407393e-01 9.513271206617358589e-01
1.497382563352585294e-01 9.520208710432054300e-01
1.526291695237159962e-01 9.506021177768706476e-01
1.467445432394742788e-01 9.530854535102843972e-01
1.528681039065122593e-01 9.512812846899031394e-01
1.479600824415683302e-01 9.524542027711866421e-01
1.509356959164142031e-01 9.516562855243679842e-01
1.471336635947226856e-01 9.524479502439499035e-01
1.472273916006088257e-01 9.526500362157821478e-01
1.530005349218845623e-01 9.509312891960142178e-01
1.462852445244788857e-01 9.524417012929917714e-01
1.501913949102163803e-01 9.513458687067033459e-01
1.488228891044855451e-01 9.521125382184983943e-01
1.524509972333907837e-01 9.512646192312236293e-01
1.490386974066496006e-01 9.523292022943499191e-01
1.497831999510526868e-01 9.520354568958283581e-01
1.498323822021483398e-01 9.515375369787214543e-01
1.452634452283382005e-01 9.535250335931775290e-01
1.463652907311916995e-01 9.535854542255399746e-01
1.470142325013877038e-01 9.524625372886654784e-01
1.453796860575676253e-01 9.541146135330201838e-01
1.494779612869024665e-01 9.519542032480237115e-01
1.492898466438054850e-01 9.518646174669266324e-01
1.513716823607683670e-01 9.512312865257261940e-01
1.486814853549004445e-01 9.519146209955215987e-01
1.497631855309009552e-01 9.516021156311034179e-01
1.438313251733780440e-01 9.537687814235686901e-01
1.469867324084043747e-01 9.523896205425261829e-01
1.449716226756573023e-01 9.533208680152893688e-01
1.519347014278172592e-01 9.512917071580886397e-01
1.456274688988924149e-01 9.533354550600054989e-01
1.451379074156283755e-01 9.533271181583404807e-01
1.461494987457990780e-01 9.524208736419681465e-01
1.428723328560590755e-01 9.542417031526566618e-01
1.495640850067138372e-01 9.517896223068236239e-01
1.414716805517673703e-01 9.547479534149171387e-01
1.429070088267325733e-01 9.537542021274567627e-01
1.473675256222486407e-01 9.524458688497542402e-01
1.438191918283701354e-01 9.536542022228238213e-01
1.436267421394586408e-01 9.539208668470381403e-01
1.481279650330543929e-01 9.525958693027497537e-01
1.436220148205756830e-01 9.538333725929261098e-01
1.468856357038020866e-01 9.524896204471593464e-01
1.450675616413354685e-01 9.530500340461732778e-01
1.504943031817674581e-01 9.518333667516709617e-01
1.419522465020418289e-01 9.541333675384522373e-01
1.421848636865615245e-01 9.536167025566101296e-01
1.464856676757335385e-01 9.529875361919403209e-01
1.453103456646203662e-01 9.528687858581541548e-01
1.462202252447605266e-01 9.524812871217727128e-01
1.480927263200283450e-01 9.521562862396242277e-01
1.446319091320038552e-01 9.534958726167678256e-01
1.496552778780460280e-01 9.518979471921924507e-01
1.432524899393319839e-01 9.536312830448152589e-01
1.452458596974610661e-01 9.529437869787218407e-01
1.459691519290208794e-01 9.531083661317825140e-01
1.433031226694584104e-01 9.536167013645173718e-01
1.424141729623079056e-01 9.541562861204145873e-01
1.424330556392669200e-01 9.540083688497544845e-01
1.420610029250383433e-01 9.541208678483964478e-01
1.403706359118222780e-01 9.547333657741542412e-01
1.374179899692534734e-01 9.556042009592055075e-01
1.371518522500990434e-01 9.553146195411682529e-01
1.404839679598808566e-01 9.546583729982371924e-01
1.384204145520925022e-01 9.552187913656234874e-01
1.403122416138649353e-01 9.550979506969450306e-01
1.394800841808319092e-01 9.546625357866285189e-01
1.381309490650892147e-01 9.558437830209731700e-01
1.353649772703648113e-01 9.560000324249269266e-01
1.408063709735869751e-01 9.551292049884797519e-01
1.345034439861774178e-01 9.565833675861356022e-01
1.390525998920202344e-01 9.548771202564240168e-01
1.403021296858787681e-01 9.544125390052796698e-01
1.386417788267136075e-01 9.553958684206007579e-01
1.376332303881646069e-01 9.555229485034945069e-01
