6.989320367574690662e-01 7.532166814804076571e-01
4.064900177717208352e-01 8.664166849851606678e-01
3.086772730946540366e-01 9.000916904211040404e-01
2.716383361816405717e-01 9.140083646774292969e-01
2.360853534936903919e-01 9.217917084693907359e-01
2.024879489839076230e-01 9.349083703756331243e-01
1.804122134298085656e-01 9.412083739042286235e-01
1.673151106387376352e-01 9.457917118072509677e-01
1.700308756530284626e-01 9.420500415563586305e-01
1.618642873317003572e-01 9.467750436067584596e-01
1.412983487546444206e-01 9.538083738088606323e-01
1.461760514974594360e-01 9.507333755493164729e-01
1.285040371119976210e-01 9.580750364065173663e-01
1.306559007614851164e-01 9.568417006731035901e-01
1.213204356282949342e-01 9.607833683490750731e-01
1.144249425828457040e-01 9.620667016506196934e-01
1.117697598785161867e-01 9.635000300407409179e-01
1.049121647328138257e-01 9.653833645582201584e-01
9.736689507961274193e-02 9.677666956186294911e-01
9.960850618779658328e-02 9.667250299453739038e-01
1.027979043126106273e-01 9.666250300407410734e-01
9.619864340871574215e-02 9.680166953802110674e-01
9.432285536080599331e-02 9.687083625793458941e-01
9.997557811439038156e-02 9.660833650827408414e-01
9.295144952833654661e-02 9.689750277996060923e-01
8.857422377914191125e-02 9.710166919231414395e-01
9.547616794705389431e-02 9.677416944503784979e-01
8.383929304778574287e-02 9.723250263929364978e-01
9.757295642048119388e-02 9.677083623409271640e-01
8.928687147796153523e-02 9.702666926383973767e-01
8.157885849475859930e-02 9.732916909456253984e-01
9.049088411033157087e-02 9.689333617687222455e-01
8.736968163400886389e-02 9.702416938543316771e-01
8.563848070800304801e-02 9.714750260114668468e-01
8.528157360851763846e-02 9.712666922807691172e-01
8.729146569967273506e-02 9.699500286579132435e-01
8.343561455607415023e-02 9.724666911363600841e-01
8.980047680437562574e-02 9.699750250577923172e-01
7.199240786954759497e-02 9.752166903018951727e-01
7.884192336350680230e-02 9.734083575010300526e-01
7.888824149966239263e-02 9.735500246286394876e-01
7.416116472333668386e-02 9.757416892051696822e-01
8.007426608353854225e-02 9.728916919231413996e-01
7.517191849648950652e-02 9.744166904687882047e-01
7.181125447154053376e-02 9.763666880130763559e-01
7.515932749956849568e-02 9.750833559036257148e-01
7.065164679661392610e-02 9.761500227451324063e-01
7.929489161819221199e-02 9.737333577871319923e-01
7.432570327073337313e-02 9.750833570957185836e-01
6.495167782530189560e-02 9.783333539962767444e-01
7.243317041546107338e-02 9.756916880607603426e-01
7.384340273216367934e-02 9.748916894197465766e-01
7.258633941411971047e-02 9.758833557367327938e-01
7.430448755621910095e-02 9.750833547115325128e-01
7.165664009749887764e-02 9.758750224113462712e-01
6.705181872472165683e-02 9.773250216245649158e-01
7.042733620852233145e-02 9.761666893959043412e-01
6.478217031806704496e-02 9.784666872024536666e-01
7.078379489481449738e-02 9.761500221490858609e-01
6.629525387659666869e-02 9.776250207424163063e-01
7.589626044034956942e-02 9.742500233650204233e-01
6.694076173007484920e-02 9.777500212192533624e-01
6.517723016440869765e-02 9.781000208854673250e-01
6.397800095379353735e-02 9.783916872739792936e-01
7.133796431124209136e-02 9.765833544731138405e-01
6.516130138188598597e-02 9.780416858196255836e-01
7.160616435110571387e-02 9.753750216960905828e-01
6.039659749716522891e-02 9.794750195741653842e-01
7.014508120715616524e-02 9.767166882753371970e-01
6.504630783572791508e-02 9.778500205278395363e-01
6.386791830882428134e-02 9.782416868209835581e-01
6.224678525701164700e-02 9.784583532810213757e-01
6.462602052837609912e-02 9.784000205993653720e-01
6.372921623289583282e-02 9.780500209331508543e-01
6.052131928503513142e-02 9.799250191450118441e-01
6.653203744441273104e-02 9.776166874170300058e-01
6.017086086794733168e-02 9.796750187873837223e-01
5.746380925178527083e-02 9.804833519458773239e-01
6.320652630180120801e-02 9.786833536624907071e-01
6.497968206182125339e-02 9.781083542108534035e-01
6.417895810678601876e-02 9.774250203371048773e-01
6.228939533233644743e-02 9.793416857719419166e-01
5.966649094596504499e-02 9.797416859865187844e-01
5.955863015726207965e-02 9.800416857004167204e-01
5.711517235264182424e-02 9.808083516359329401e-01
6.123586544767022077e-02 9.790166866779325128e-01
6.622384058311581168e-02 9.776416879892350087e-01
6.197579057887198095e-02 9.791916865110396051e-01
5.950516000390054794e-02 9.798333519697188798e-01
5.632034279406070154e-02 9.812500172853473313e-01
5.696020783856511199e-02 9.812166845798491188e-01
5.885170191526411382e-02 9.798916858434677524e-01
6.233404381200668976e-02 9.794000196456907892e-01
5.649457758292557308e-02 9.813333505392072276e-01
5.888043321669102909e-02 9.805583518743516969e-01
5.521845800802110960e-02 9.813750171661377308e-01
5.787520186975598363e-02 9.803333520889283559e-01
5.477455507963895076e-02 9.818666839599612395e-01
5.536842076107860444e-02 9.813250178098676946e-01
5.345796560868620872e-02 9.822750163078308727e-01
5.610235359519719078e-02 9.810416841506957031e-01
5.952609501779080464e-02 9.800500190258029098e-01
5.700119869783518145e-02 9.803333514928818104e-01
5.815927082672715798e-02 9.802333515882493131e-01
5.588285138830544757e-02 9.812166827917098155e-01
5.482702437788249811e-02 9.820000165700912831e-01
6.213911084458231815e-02 9.786666870117188832e-01
5.591358354315162371e-02 9.809583508968356957e-01
6.037246419116854002e-02 9.795083522796633746e-01
5.324847444891928766e-02 9.817416840791705068e-01
5.733163007535042877e-02 9.805916845798490211e-01
5.562879756093024736e-02 9.816166841983795521e-01
5.199300695210695711e-02 9.824666833877563343e-01
5.752973012626169669e-02 9.814333504438401690e-01
5.370073458179832476e-02 9.821166831254958263e-01
5.231951966881751015e-02 9.823250168561933338e-01
5.296280980110167763e-02 9.821000170707704369e-01
5.636115198954940592e-02 9.806250184774397693e-01
5.758121604099868812e-02 9.805333518981932395e-01
5.379780229181051199e-02 9.821916830539704213e-01
5.374798884615301919e-02 9.815416842699050681e-01
5.785168761387468606e-02 9.805166852474213046e-01
5.883044708520175636e-02 9.801750189065931984e-01
5.042978521436453088e-02 9.828750163316726240e-01
4.949262015521527225e-02 9.830083495378497682e-01
5.098468443378807030e-02 9.825833481550215742e-01
5.467289792373775104e-02 9.813500171899792734e-01
5.410656917840242497e-02 9.818083506822588014e-01
5.237866418436169791e-02 9.826166832447049693e-01
5.153981531038880765e-02 9.831916821002960605e-01
5.361906616017224347e-02 9.819166839122771551e-01
5.164031174033881927e-02 9.823250168561936668e-01
5.260385312139986835e-02 9.823166835308074774e-01
5.226575611159205853e-02 9.826083499193194459e-01
4.576920406892896059e-02 9.844500148296356778e-01
5.230394700542089631e-02 9.823166829347611539e-01
5.023946126922965161e-02 9.827333492040630780e-01
4.684044383466245270e-02 9.840083485841749633e-01
5.524259978905322888e-02 9.812250179052356414e-01
4.973527026362716680e-02 9.834333491325378818e-01
5.270149547606706175e-02 9.818916839361191418e-01
5.546784631907940299e-02 9.811583513021469027e-01
5.786206390708682756e-02 9.809000182151795810e-01
4.763086982071399605e-02 9.843916809558869163e-01
4.902886969037353881e-02 9.838333487510680930e-01
5.047386668622494410e-02 9.834166824817658359e-01
4.715047771111130492e-02 9.843750149011616379e-01
4.851840780116618151e-02 9.838333487510680930e-01
5.112087873741984201e-02 9.823916822671890925e-01
4.674771575257181955e-02 9.844333481788629658e-01
4.741946676746008893e-02 9.842583483457565396e-01
4.435408912599086984e-02 9.854666805267333629e-01
5.364581372588872465e-02 9.817500168085097068e-01
5.330896003171799180e-02 9.820333504676821423e-01
4.744598928838968110e-02 9.842583483457568727e-01
5.158056052401662622e-02 9.828166824579236405e-01
5.469745943322779080e-02 9.819666838645932927e-01
5.093513378873468223e-02 9.825833493471145541e-01
4.758202293887735940e-02 9.838166821002961582e-01
4.968630271032451612e-02 9.838083487749101907e-01
5.993805449455975876e-02 9.793333530426024947e-01
5.105885874480011605e-02 9.831166827678678999e-01
4.868054935708641257e-02 9.833750152587888982e-01
4.974716356024145442e-02 9.831916826963422729e-01
4.546729246154428139e-02 9.848583471775055331e-01
4.726122111082076832e-02 9.839416819810870019e-01
4.509476822800934787e-02 9.846750146150591299e-01
4.978758974932134124e-02 9.829833495616910888e-01
4.858351195231078168e-02 9.828916829824447809e-01
4.652305229566989359e-02 9.839583480358126133e-01
4.730865189805627535e-02 9.839083486795423550e-01
4.658933445811271751e-02 9.841833484172821667e-01
4.395209082402288386e-02 9.852166807651517866e-01
5.137952223420142600e-02 9.823250168561938889e-01
4.574414384551345192e-02 9.847083479166029996e-01
4.714487354271115760e-02 9.840500146150593652e-01
4.917188372462990426e-02 9.828416830301284213e-01
4.818790539167822073e-02 9.839000153541566096e-01
4.460545707494020101e-02 9.846000146865845348e-01
4.675814539194105002e-02 9.839250153303146229e-01
4.818831438198685480e-02 9.838000154495237792e-01
4.970298444852232905e-02 9.835000157356263983e-01
4.739937984384596376e-02 9.841250151395798396e-01
4.612177250906823039e-02 9.845916813611984564e-01
4.858487561345099792e-02 9.830833494663235861e-01
4.655623953789472108e-02 9.843166816234589778e-01
4.792844528332351056e-02 9.840083485841751854e-01
4.716848375275731892e-02 9.839333486557005903e-01
4.526174038648603237e-02 9.856083470582963635e-01
4.315303025767208006e-02 9.854333472251894932e-01
4.915209723636507211e-02 9.838833487033846747e-01
4.716808044351639140e-02 9.842916816473007424e-01
4.706090379506348842e-02 9.840750151872634799e-01
4.670400099828837803e-02 9.838916808366776623e-01
4.687789788469672037e-02 9.840583485364911009e-01
4.932053602300581763e-02 9.835416823625566796e-01
4.596723807975649362e-02 9.843250143527986218e-01
4.995586479082701759e-02 9.831166827678681219e-01
4.429857173934580172e-02 9.850916808843614980e-01
4.909247417934237828e-02 9.834666824340819735e-01
