3.649394848942756897e-01 9.090750235319137174e-01
1.855250579118728205e-01 9.509500432014462712e-01
1.381417543441056106e-01 9.636416977643964543e-01
1.014423172920942140e-01 9.725250262022016035e-01
1.317388336360454659e-01 9.573000365495685227e-01
9.237560689449306195e-02 9.721416926383971147e-01
6.903508313000203400e-02 9.797916859388352551e-01
6.840285990387200143e-02 9.801166856288910934e-01
8.383894369006157643e-02 9.738000237941740744e-01
5.784024620428682845e-02 9.822250169515612805e-01
4.816162923350932046e-02 9.854000139236449574e-01
4.736618686467409384e-02 9.858833467960356201e-01
3.990462917834518980e-02 9.877166783809661066e-01
4.454743118956686759e-02 9.867333459854129574e-01
3.611918979324400814e-02 9.891000103950499112e-01
3.372626607306300484e-02 9.901416760683060536e-01
3.055637435056270113e-02 9.907416754961012595e-01
4.206374356523156360e-02 9.866166794300080811e-01
3.165347045287488642e-02 9.902833425998688321e-01
3.137399548664688426e-02 9.901250094175338967e-01
3.228740350343288490e-02 9.896916764974590386e-01
3.114894267171620934e-02 9.901666760444639559e-01
3.251232010312377768e-02 9.895750099420547174e-01
2.761927054729313227e-02 9.914416748285290737e-01
2.656298057176173510e-02 9.918416738510131836e-01
2.780484707094729377e-02 9.907916748523709627e-01
2.705652697011828173e-02 9.913416749238967984e-01
2.851793091278522624e-02 9.905083423852920621e-01
2.551047340501100616e-02 9.913083416223524846e-01
2.371728400699794209e-02 9.923083406686781238e-01
2.468177618458866629e-02 9.918750077486040428e-01
2.464129825122655243e-02 9.920333409309387562e-01
2.009379009716213277e-02 9.934416729211803521e-01
2.256790004670620325e-02 9.927583402395252499e-01
2.072292272932827611e-02 9.932833397388463048e-01
2.005336339585483615e-02 9.936000061035153985e-01
2.288317803759127439e-02 9.925500071048741768e-01
2.048936255276202073e-02 9.933333396911618873e-01
2.199039377272129711e-02 9.928166735172275770e-01
2.022565815132110548e-02 9.932250064611434226e-01
2.102097045630216612e-02 9.934500062465663195e-01
1.892620386090130072e-02 9.939166724681856024e-01
2.626103076152503865e-02 9.912250083684921442e-01
1.782005734276026487e-02 9.943916720151902977e-01
2.075376441935078073e-02 9.928166735172272439e-01
1.919366506859659927e-02 9.938666725158687987e-01
2.437892236281187161e-02 9.918750077486038208e-01
1.647589958272874591e-02 9.947583383321761952e-01
2.227104912512003695e-02 9.924416738748550459e-01
1.974032698199152877e-02 9.933000063896176846e-01
1.768788488116115887e-02 9.942833387851711668e-01
1.897435316815972509e-02 9.935083395242688686e-01
1.645927135832608162e-02 9.946166718006134166e-01
1.578292155172676334e-02 9.950833380222319224e-01
1.544851840240880902e-02 9.949500048160558885e-01
1.988260674756019489e-02 9.930916732549667225e-01
1.791790440212934904e-02 9.941166722774507081e-01
1.813372268341480534e-02 9.939500057697293611e-01
1.699899131432175761e-02 9.944083386659621215e-01
1.614269360434263459e-02 9.945833379030227794e-01
1.721963283373043746e-02 9.941416722536088324e-01
1.620316896121948291e-02 9.948000049591060323e-01
1.690313561121001978e-02 9.943916720151901867e-01
1.954861060716212712e-02 9.935666728019716398e-01
1.434896438149735505e-02 9.952666711807250932e-01
1.904871092643589670e-02 9.935250061750409145e-01
1.762236018432303264e-02 9.937833392620085693e-01
1.532359004719181968e-02 9.948083382844922218e-01
1.658157981932162697e-02 9.943250054121016701e-01
1.433760081068612656e-02 9.952333378791808904e-01
1.586025513941422688e-02 9.944583386182783702e-01
1.518192616291343805e-02 9.949666714668273793e-01
1.715739270672201472e-02 9.941166722774504860e-01
1.583135144785046550e-02 9.946916717290876786e-01
1.447343653067945969e-02 9.953416711091993552e-01
1.542758623836561899e-02 9.948250049352643787e-01
1.810702451970426854e-02 9.938916724920273671e-01
1.500541951972991783e-02 9.951333379745482821e-01
1.523725310573354266e-02 9.948666715621949930e-01
1.663572703255341428e-02 9.944583386182784812e-01
1.758189854212105149e-02 9.940750056505205379e-01
1.498901835177093161e-02 9.949333381652830655e-01
1.613378833048045163e-02 9.944666719436647817e-01
1.541663816897198731e-02 9.949583381414413008e-01
1.469677978893742243e-02 9.949916714429852815e-01
1.683881006436422148e-02 9.940583389997480479e-01
1.543163973605259781e-02 9.945916718244555144e-01
1.441281743813306419e-02 9.951583379507064064e-01
1.480111784767359703e-02 9.950166714191435169e-01
1.444361624075100187e-02 9.953083378076551524e-01
1.713291517226025323e-02 9.944083386659618995e-01
1.543603547150268485e-02 9.948000049591062544e-01
1.422936133109033337e-02 9.953000044822695180e-01
1.320887418696656615e-02 9.953333377838133877e-01
1.410652285208925660e-02 9.953333377838133877e-01
1.325213821604847957e-02 9.953250044584273093e-01
1.341019539628177971e-02 9.953583371639252997e-01
1.620351705467328041e-02 9.942916721105576894e-01
1.403692815918475799e-02 9.954416710138320745e-01
1.204015729948878892e-02 9.960500037670133588e-01
1.199189738836139822e-02 9.959750038385393189e-01
1.505224518012255285e-02 9.945750051736830244e-01
1.756932734046131456e-02 9.937500059604645886e-01
1.325256078736856621e-02 9.953250044584275313e-01
1.408897216198965428e-02 9.954750043153761663e-01
1.285684242844581555e-02 9.957166707515717752e-01
1.528157218126580466e-02 9.948083382844922218e-01
1.431489935377613064e-02 9.951000046730038573e-01
1.337554466910659788e-02 9.957166707515716642e-01
1.234507517889141780e-02 9.958416706323621748e-01
1.349519572104328213e-02 9.953166711330416749e-01
1.484197678975760805e-02 9.950833380222322555e-01
1.470245533157139850e-02 9.950083380937578825e-01
1.220827724959235895e-02 9.957666707038880238e-01
1.437093402491882235e-02 9.949916714429852815e-01
1.266397508094086431e-02 9.956166708469391669e-01
1.398693142691626902e-02 9.951750046014784523e-01
1.509095394751056550e-02 9.948500049114231691e-01
1.526966498931869864e-02 9.947500044107433492e-01
1.331821515690535286e-02 9.955083376169205911e-01
1.368735441006719948e-02 9.954250043630601397e-01
1.384496550308540741e-02 9.954333376884458850e-01
1.416693300008773845e-02 9.952166712284086225e-01
1.436255755601451196e-02 9.950416713953019743e-01
1.185612751869484505e-02 9.959416705369944500e-01
1.390069643501192290e-02 9.952083379030230992e-01
1.332824019016698100e-02 9.954416710138320745e-01
1.295191379031166920e-02 9.955500042438504282e-01
1.482216324424371311e-02 9.948666715621946599e-01
1.537076376611366639e-02 9.946000051498412597e-01
1.439163625473156675e-02 9.948583382368088035e-01
1.450907235033810534e-02 9.952333378791807794e-01
1.786361083504743250e-02 9.937250059843063532e-01
1.434333580080419598e-02 9.951083379983901578e-01
1.327748934039846458e-02 9.952333378791811125e-01
1.100287524983287191e-02 9.962666702270510655e-01
1.357968136435375173e-02 9.952666711807250932e-01
1.267427034093998421e-02 9.955000042915342906e-01
1.211881415219977047e-02 9.958000040054322266e-01
1.321187067544087740e-02 9.955250042676925259e-01
1.213961905799806375e-02 9.959666705131530184e-01
1.371605824446305195e-02 9.953166711330411198e-01
1.136736560147255659e-02 9.961000037193301626e-01
1.237566947704180943e-02 9.955416709184646828e-01
1.229722218587994513e-02 9.956333374977111017e-01
1.237258287146687612e-02 9.957916706800460371e-01
1.301403764053247515e-02 9.956000041961670100e-01
1.162069358862936191e-02 9.960083371400832997e-01
1.403366307727992555e-02 9.951833379268646418e-01
1.241587039199657655e-02 9.955166709423064475e-01
1.340739717823452928e-02 9.953333377838133877e-01
1.395674254046752778e-02 9.953166711330416749e-01
1.303721043863333845e-02 9.954000043869023484e-01
1.244848903268576043e-02 9.956333374977113237e-01
1.163503926945850218e-02 9.961166703701017644e-01
1.215359299909323648e-02 9.958750039339063775e-01
1.307799151982180948e-02 9.957750040292738802e-01
1.213344456162303818e-02 9.959833371639251753e-01
1.271245179697870660e-02 9.956083375215526443e-01
1.295591758796945173e-02 9.953250044584275313e-01
1.206606361083686213e-02 9.961083370447155749e-01
1.346184253692627071e-02 9.952500045299529363e-01
1.259669246384873854e-02 9.955000042915347347e-01
1.192895582411437720e-02 9.958583372831345537e-01
1.192176670301705634e-02 9.960916703939436401e-01
1.169379221857525311e-02 9.960000038146974433e-01
1.382177968160249425e-02 9.950500047206878307e-01
1.370482661994174012e-02 9.953833377361294144e-01
1.432350666262209408e-02 9.951583379507065175e-01
1.056762530817651098e-02 9.966833364963533226e-01
1.135521905962378134e-02 9.962750035524368108e-01
1.206723552080802599e-02 9.958416706323623968e-01
1.165564498631283842e-02 9.959750038385388748e-01
1.324850418372080195e-02 9.953166711330413419e-01
1.277291159145533921e-02 9.954500043392179309e-01
1.301708163926377886e-02 9.954416710138318525e-01
1.142685122438706104e-02 9.961916702985762484e-01
1.213955547544173785e-02 9.957833373546601807e-01
1.270813714014366533e-02 9.955666708946230292e-01
1.274825332104228583e-02 9.954833376407623557e-01
1.117593010654672862e-02 9.962916702032087457e-01
1.078016916755587286e-02 9.961416703462602218e-01
1.167902784538455384e-02 9.960500037670136919e-01
1.121021801722235645e-02 9.960916703939438621e-01
1.131312856567092025e-02 9.960750037431719273e-01
1.131764110235962927e-02 9.961583369970320456e-01
1.124293247878086106e-02 9.962166702747344837e-01
1.367252279771491962e-02 9.953916710615157148e-01
1.184629692579619066e-02 9.960750037431714832e-01
1.265600803424604161e-02 9.957583373785020564e-01
1.271711474750191959e-02 9.955166709423066695e-01
1.082030550693161876e-02 9.963000035285947131e-01
1.397053119610064224e-02 9.951166713237763473e-01
1.145916156121529889e-02 9.960916703939435290e-01
1.127857179497368870e-02 9.960583370923997704e-01
1.205603782669641307e-02 9.960416704416276135e-01
1.153433337109163390e-02 9.957916706800461482e-01
1.194543161778711254e-02 9.961333370208738103e-01
1.160360670182854041e-02 9.960333371162416460e-01
1.271906678681261962e-02 9.955166709423064475e-01
