2.687412502765655464e+00 2.078812547028064672e-01
2.180364770889283044e+00 4.134187605977058810e-01
1.656558932065963941e+00 5.727854359149930907e-01
1.293458744287490747e+00 6.778395998477935169e-01
1.090429120063781454e+00 7.241146034002303722e-01
8.980055165290834474e-01 7.788875150680542037e-01
7.698620694875716319e-01 8.087187743186950994e-01
6.670468866825104426e-01 8.300875264406205600e-01
5.619893407821653364e-01 8.606916821002960072e-01
5.022335532307624639e-01 8.729562634229662832e-01
4.502858301997184620e-01 8.840104281902313454e-01
3.992229017615317455e-01 8.973958456516265558e-01
3.845252189040184176e-01 8.972479343414309083e-01
3.499859070777892045e-01 9.067812687158584017e-01
3.272069311141968528e-01 9.117854356765748847e-01
3.210900193452833062e-01 9.114104384183882024e-01
2.946502961218357419e-01 9.182937771081925993e-01
2.768188519775865442e-01 9.235333663225173684e-01
2.834066694974898271e-01 9.201500248908996982e-01
2.590979246795176438e-01 9.269416970014570101e-01
2.515467624366284349e-01 9.286666953563688098e-01
2.526062782108782767e-01 9.274333649873734986e-01
2.416248570382595051e-01 9.304979521036148560e-01
2.282541547715664365e-01 9.342667037248615358e-01
2.377185408771038677e-01 9.309771132469177868e-01
2.263745214045048415e-01 9.339000344276431331e-01
2.167528471350670116e-01 9.364271157979969784e-01
2.300275982916355488e-01 9.310791963338851396e-01
2.129689992964267087e-01 9.371062844991684404e-01
2.040409737825393532e-01 9.395146220922470093e-01
2.244374257326126332e-01 9.328854483366011419e-01
2.050844189524649586e-01 9.382479500770568581e-01
1.972001092135906020e-01 9.406271171569822176e-01
2.021276822686195185e-01 9.388312894105912410e-01
1.909369911253451790e-01 9.424812859296798351e-01
1.914502823352814131e-01 9.420062822103503208e-01
1.953133304417133120e-01 9.406583702564236260e-01
1.942215415835380210e-01 9.404396212100981645e-01
1.797440265119075176e-01 9.453104555606839376e-01
1.978015662729740443e-01 9.391062861680986584e-01
1.861036311089992734e-01 9.428187865018845537e-01
1.774387541413307290e-01 9.458042037487028875e-01
1.858641470968723231e-01 9.431917041540148761e-01
1.837356679141521620e-01 9.433250331878666461e-01
1.762633702158928894e-01 9.452833694219585636e-01
1.832059487700462286e-01 9.433167052268983666e-01
1.758769065141677634e-01 9.457771211862563421e-01
1.778698331117629650e-01 9.448958712816240002e-01
1.948385792970657449e-01 9.393292033672332453e-01
1.767798115313053697e-01 9.455062866210939276e-01
1.697220560908317966e-01 9.478437888622284202e-01
1.798880901932716769e-01 9.436396139860152577e-01
1.743098638951777468e-01 9.455146163702006223e-01
1.674980357289314048e-01 9.480375337600708274e-01
1.802910460531710890e-01 9.433125364780425848e-01
1.676083975285290739e-01 9.474437862634661478e-01
1.616777107119559687e-01 9.492104542255404009e-01
1.782234482467175141e-01 9.444125390052796609e-01
1.660362243652344083e-01 9.484375399351119285e-01
1.645486619323492106e-01 9.480917006731033325e-01
1.727582290768623630e-01 9.460562890768050570e-01
1.653635898977518226e-01 9.481500369310378318e-01
1.605973240733145901e-01 9.501167041063312002e-01
1.688036234676838498e-01 9.471646201610564031e-01
1.647001484036445806e-01 9.488208663463593151e-01
1.603022661060094500e-01 9.496729546785356302e-01
1.662412300705910506e-01 9.476521211862563021e-01
1.579831336438656253e-01 9.504000353813173430e-01
1.568716529756785105e-01 9.504291993379594405e-01
1.800837655365466472e-01 9.429062831401825440e-01
1.626184963434934572e-01 9.493271172046664486e-01
1.539905904233455913e-01 9.512062793970108565e-01
1.620604654401541500e-01 9.488750374317167502e-01
1.594891849160194330e-01 9.494271236658098356e-01
1.546470576524733853e-01 9.510583722591402500e-01
1.744082149863242781e-01 9.450292032957076094e-01
1.538249538838864228e-01 9.515812844038011864e-01
1.571614632010459589e-01 9.498521173000339379e-01
1.558688101172447382e-01 9.502875387668606733e-01
1.638041361421346820e-01 9.483750367164611728e-01
1.524236165732145154e-01 9.517125350236894654e-01
1.681085415929555738e-01 9.465167057514189963e-01
1.530511360615491312e-01 9.514646196365356134e-01
1.510180875658989341e-01 9.521917039155961549e-01
1.691641025245188834e-01 9.461917042732238547e-01
1.535776669532060434e-01 9.514458692073822776e-01
1.527162683010100663e-01 9.514104539155959772e-01
1.663620026409626251e-01 9.470000326633450927e-01
1.500751134753226801e-01 9.521979558467863480e-01
1.512253966182469378e-01 9.519667065143584406e-01
1.590553757548332781e-01 9.495708680152895598e-01
1.578443364053964959e-01 9.495375335216523771e-01
1.522552733123302138e-01 9.516104537248609718e-01
1.548578631132841166e-01 9.507854503393172729e-01
1.491812910139560244e-01 9.520583707094195658e-01
1.493343760073184978e-01 9.522750377655029297e-01
1.586838627606630137e-01 9.497708684206006557e-01
1.477087687700986973e-01 9.530500358343124701e-01
1.452194558084011489e-01 9.534979510307314277e-01
1.561858002096414011e-01 9.498583668470381713e-01
1.487172196060419505e-01 9.523354512453078291e-01
1.504287379980087380e-01 9.522062855958940419e-01
1.504258275032042680e-01 9.521146208047865933e-01
1.477190879732370454e-01 9.528667038679121681e-01
1.484256676584482793e-01 9.527271187305451638e-01
1.579678752273321884e-01 9.490292000770567116e-01
1.543454816192389167e-01 9.508146184682844115e-01
1.490169418603181917e-01 9.525146186351777233e-01
1.541793470084667217e-01 9.505771219730377863e-01
1.484628476947545683e-01 9.524667090177536544e-01
1.445463238656520544e-01 9.539771211147306529e-01
1.521370906382799038e-01 9.511875373125078248e-01
1.460991381853819215e-01 9.530854541063306096e-01
1.490685540437698964e-01 9.525479525327685826e-01
1.533328890055417615e-01 9.508854526281356190e-01
1.455213128030300174e-01 9.529437851905824264e-01
1.473110709339380542e-01 9.525604546070097767e-01
1.519334057718515485e-01 9.511896169185638517e-01
1.445874444395304215e-01 9.536854529380798251e-01
1.441807137429713948e-01 9.537541997432710250e-01
1.519188287854195685e-01 9.518687838315965655e-01
1.437767383456229897e-01 9.540812820196153954e-01
1.441592571884394158e-01 9.538750362396239968e-01
1.537740185856819319e-01 9.509729540348055288e-01
1.454509590566158694e-01 9.537208718061446211e-01
1.507806612551212122e-01 9.516396176815034025e-01
1.543662466108799147e-01 9.504687863588329177e-01
1.449322128295898460e-01 9.539083683490753307e-01
1.422741468995809555e-01 9.541354489326477895e-01
1.505444565415382796e-01 9.516042029857638695e-01
1.459867894649505282e-01 9.534479498863220881e-01
1.406523241847753292e-01 9.548979550600052990e-01
1.497461124509573416e-01 9.520687836408613380e-01
1.501997378468513389e-01 9.523542094230651456e-01
1.492221686244011858e-01 9.516521215438842329e-01
1.493267275393008742e-01 9.518437868356705023e-01
1.496313162147999143e-01 9.518271178007127187e-01
1.391883853077887923e-01 9.554083663225175771e-01
1.497061100602149752e-01 9.515896183252335883e-01
1.442028419673443418e-01 9.537208652496337313e-01
1.472565070539712528e-01 9.529542016983031383e-01
1.522390748560428220e-01 9.512729531526565863e-01
1.443466942012309739e-01 9.539667040109632845e-01
1.446521292626857802e-01 9.536875396966933982e-01
1.508988311886786948e-01 9.516812765598299251e-01
1.461473473906516052e-01 9.527708697319027253e-01
1.427218975126742784e-01 9.540646195411682795e-01
1.501647924631833719e-01 9.517687857151032604e-01
1.445893172919750225e-01 9.538271200656890381e-01
1.394941636919975747e-01 9.555958700180051668e-01
1.459382428228855333e-01 9.530562865734099054e-01
1.478665733337402310e-01 9.522562903165817660e-01
1.402470017969609239e-01 9.548104488849639138e-01
1.456677357852458610e-01 9.528812861442568227e-01
1.447156471759080132e-01 9.534750348329543712e-01
1.430564269423485191e-01 9.539000356197355757e-01
1.489254672080279063e-01 9.523646163940430176e-01
1.424757938832044990e-01 9.540354543924332020e-01
1.428369204699992678e-01 9.534521180391309914e-01
1.493939114362000664e-01 9.519625359773634665e-01
1.457753121852875255e-01 9.533208715915680864e-01
1.400498402863740721e-01 9.552208691835405441e-01
1.482272237539291881e-01 9.523417019844057085e-01
1.426442214101553141e-01 9.541167008876798583e-01
1.405535718798637812e-01 9.547521191835400822e-01
1.435057692974805732e-01 9.537354499101639016e-01
1.434235088527202051e-01 9.536042052507403000e-01
1.402569024264813113e-01 9.549583703279498348e-01
1.427030643820763056e-01 9.540354526042936767e-01
1.430247131735085941e-01 9.541146177053452249e-01
1.424657335877418940e-01 9.541333687305447731e-01
1.447915984690189561e-01 9.531937879323959528e-01
1.391315449774266078e-01 9.552500367164611372e-01
1.373567482829094466e-01 9.560667020082469492e-01
1.496704766154289268e-01 9.519687867164609019e-01
1.412337304651736514e-01 9.543896216154099665e-01
1.395933970808983238e-01 9.549146169424056474e-01
1.446771491318940561e-01 9.536167049407957563e-01
1.415882617235184049e-01 9.545833730697632635e-01
1.419464908540249704e-01 9.542187887430193527e-01
1.438986388593912480e-01 9.537833696603773559e-01
1.395645330846309873e-01 9.550750321149825695e-01
1.416108242422342012e-01 9.542125350236889680e-01
1.403042008727788947e-01 9.544583731889726419e-01
1.437434106320142901e-01 9.540896189212799694e-01
1.420471414923668574e-01 9.541583657264708362e-01
1.470613180845975754e-01 9.524875360727309559e-01
1.408550070971250345e-01 9.545104593038559182e-01
1.381659866124391733e-01 9.556604492664337869e-01
1.381668344885111088e-01 9.555479508638380359e-01
1.423203807324169845e-01 9.543042010068891745e-01
1.413779716938733388e-01 9.543042063713073064e-01
1.446082237362861234e-01 9.533708661794664252e-01
1.392959920316933775e-01 9.555479496717455001e-01
1.409089937806128900e-01 9.548750364780426159e-01
1.343534227460623787e-01 9.567354559898374466e-01
1.367895956337451258e-01 9.561042016744613070e-01
1.364485307782888068e-01 9.561000329256058583e-01
1.408683125674725090e-01 9.550042021274567361e-01
1.356542237848042676e-01 9.563646149635314231e-01
