2.406391372680665164e+00 3.897520920634268693e-01
1.692577081918716475e+00 6.384062618017194435e-01
1.065710293054580315e+00 7.998875236511230336e-01
7.752155929803847823e-01 8.556833493709565808e-01
5.739046406745911266e-01 8.979416763782501754e-01
4.407748207449912470e-01 9.229437756538387827e-01
3.556810116767881724e-01 9.343000322580341521e-01
2.889512670040130238e-01 9.459229534864430633e-01
2.401554903388022910e-01 9.544062876701353559e-01
2.121239399909972956e-01 9.571521157026291471e-01
1.813446500897407943e-01 9.624917042255403121e-01
1.563343098759650274e-01 9.678416943550108842e-01
1.466463111341000380e-01 9.672771155834197776e-01
1.317387259751557904e-01 9.706875300407410423e-01
1.173258194327354287e-01 9.740000259876255839e-01
1.144038034975528445e-01 9.732208538055422409e-01
1.054931124299764711e-01 9.750021076202394221e-01
9.717004708945752023e-02 9.767958521842957653e-01
9.702868603169918782e-02 9.757625198364254793e-01
9.167556039988994376e-02 9.769458544254304710e-01
8.592900112271308066e-02 9.782291883230208596e-01
8.727700524032115659e-02 9.772166877985000166e-01
8.442096982151268969e-02 9.776166874170305610e-01
7.808148659765726252e-02 9.793396037817004851e-01
7.941998504102230905e-02 9.784187692403790715e-01
7.674761999398468926e-02 9.791708505153656761e-01
7.370073374360795737e-02 9.794354373216627163e-01
7.351884666830299508e-02 9.794833546876906549e-01
7.047168929129840609e-02 9.805729347467423418e-01
6.922130052000284584e-02 9.802583545446392765e-01
7.139592435210945220e-02 9.794416856765748580e-01
6.605816837400194097e-02 9.810708546638489125e-01
6.360100578516719727e-02 9.817604315280916705e-01
7.097636137157679881e-02 9.789833533763885320e-01
6.480198945850136616e-02 9.811666858196259611e-01
6.272342659533021447e-02 9.816166830062865722e-01
6.578803319483998713e-02 9.803229355812075330e-01
6.198781441897153327e-02 9.815187656879424960e-01
6.175297386944293698e-02 9.814333480596538761e-01
7.051050014793872056e-02 9.782500231266021418e-01
6.403134942054751477e-02 9.803937697410582963e-01
5.830732472240925113e-02 9.822354328632356690e-01
6.017734631896017039e-02 9.816291809082032804e-01
6.011455509811639702e-02 9.812250208854673694e-01
5.741793908178806360e-02 9.822271031141280861e-01
6.293618179857730921e-02 9.803625160455701204e-01
6.019041728228329002e-02 9.815145987272261285e-01
5.571333993226289943e-02 9.827458494901656350e-01
6.025118350982665988e-02 9.811833530664444414e-01
5.527402121573685850e-02 9.826146006584168813e-01
5.592384167015553020e-02 9.823583507537840820e-01
6.578232213854789956e-02 9.791583538055418368e-01
5.502396143972873577e-02 9.826250147819521885e-01
5.613523397594689934e-02 9.821958494186395772e-01
6.214785546064376109e-02 9.803812664747235672e-01
5.584758996963500033e-02 9.821062642335892656e-01
5.632851630449296071e-02 9.821208518743514970e-01
5.796231471002102204e-02 9.817896038293839611e-01
5.434315178543329405e-02 9.827125138044356945e-01
5.235140901058912832e-02 9.833020973205567339e-01
5.679340403527021602e-02 9.819541835784909578e-01
5.299955811351535900e-02 9.827729332447052712e-01
5.564955923706293994e-02 9.822791850566863214e-01
5.689876653254032079e-02 9.815666830539702126e-01
5.265176627784968338e-02 9.835583537817000899e-01
5.126246105879545684e-02 9.835500150918961015e-01
5.321144361048936455e-02 9.829416823387147062e-01
5.278809282928704355e-02 9.827000188827513805e-01
5.301216699182987463e-02 9.826895993947982744e-01
5.810343518853187256e-02 9.811396020650865468e-01
5.534191727638244906e-02 9.822291851043705169e-01
5.448018234223127310e-02 9.822791814804076038e-01
5.395997401326894233e-02 9.824333530664445258e-01
6.149467475712298847e-02 9.800562655925753042e-01
5.396862033754586119e-02 9.827104336023325670e-01
5.349741611629724863e-02 9.823479354381560169e-01
5.324864652007818555e-02 9.825708478689195724e-01
5.213476859033106675e-02 9.830312693119045431e-01
5.335421975702047542e-02 9.825812625885007590e-01
5.243725784122943434e-02 9.827250134944913729e-01
5.019997272640466107e-02 9.836812698841096436e-01
5.385494131594895789e-02 9.823583525419234963e-01
5.164894957095383932e-02 9.832125157117844738e-01
4.802054611966012632e-02 9.844250172376634023e-01
5.839042767882349216e-02 9.810208517313002696e-01
4.999732665717601665e-02 9.838666838407519322e-01
5.081809723749756286e-02 9.834229326248169478e-01
5.756111636757850480e-02 9.812520986795426614e-01
5.329365525394678949e-02 9.826416802406312545e-01
5.248101867735385784e-02 9.828104299306866798e-01
5.353392420336603591e-02 9.822916805744172919e-01
5.068068286404012190e-02 9.835812634229660345e-01
5.227958593517540581e-02 9.827312636375423738e-01
5.422070372849704251e-02 9.822000187635420154e-01
5.261989187449217509e-02 9.826000183820724487e-01
4.997834697365759887e-02 9.833208489418027165e-01
5.372168183326722635e-02 9.822145974636077304e-01
5.294864417985081784e-02 9.824896007776259266e-01
5.057340279221534535e-02 9.831979334354402633e-01
5.763457253575324929e-02 9.809750157594682163e-01
4.962035601958631609e-02 9.835895997285838410e-01
5.114224173128605749e-02 9.831979376077653043e-01
5.987602930516005423e-02 9.803958541154859097e-01
5.043654847890140236e-02 9.835541814565659235e-01
5.089275892823934971e-02 9.831583499908448376e-01
5.516939528286457506e-02 9.816458493471141855e-01
5.313124805688858310e-02 9.821770983934401400e-01
5.244494225829840484e-02 9.827604329586027143e-01
5.747899718582628187e-02 9.809583526849746660e-01
5.227290622889994853e-02 9.827166897058489115e-01
4.813811108469960576e-02 9.839666837453842074e-01
5.022079311311244271e-02 9.834666812419891047e-01
5.562483444809913219e-02 9.816520959138871349e-01
4.914740428328515792e-02 9.837520968914033048e-01
5.180347755551338584e-02 9.827270978689194303e-01
5.458413146436214003e-02 9.815958505868910278e-01
5.192397383973001990e-02 9.828437650203701859e-01
5.432520866394041636e-02 9.821979355812073820e-01
5.004625789821147419e-02 9.832479327917099665e-01
4.945190634578466859e-02 9.837354367971420377e-01
5.202454198151826997e-02 9.825458472967145696e-01
5.110040213912723367e-02 9.828000158071522607e-01
4.929722322151065816e-02 9.836875206232071900e-01
5.050897285342215853e-02 9.830604344606400646e-01
5.386565804481507902e-02 9.819604343175885042e-01
5.057695770636200239e-02 9.830604267120359729e-01
5.179590240120889033e-02 9.829104357957836324e-01
4.935701895505191505e-02 9.835625147819518910e-01
4.997041709721089520e-02 9.833041816949846803e-01
5.269159775227304915e-02 9.825791805982591054e-01
5.213249962776899532e-02 9.824229353666303899e-01
4.940379925072194145e-02 9.833271014690397882e-01
5.102865761145950613e-02 9.830562680959700206e-01
5.003193333745001997e-02 9.831541854143140968e-01
4.893989332020282773e-02 9.836604309082029873e-01
4.916178425773978095e-02 9.836708503961562045e-01
4.908405011519787614e-02 9.834750187397004462e-01
5.105444379150866213e-02 9.829729336500167003e-01
5.992745187133548951e-02 9.800166893005369806e-01
5.170952910557389398e-02 9.828271001577378874e-01
5.104888010770083917e-02 9.827937674522401190e-01
5.082918899133800905e-02 9.827479350566866723e-01
4.913264119997620000e-02 9.835395973920820767e-01
4.850465510040520567e-02 9.838541817665102940e-01
4.756041483953594995e-02 9.842791825532917205e-01
5.047407690435646438e-02 9.833291840553278762e-01
4.798017641529439548e-02 9.838562631607056241e-01
5.029829610139131130e-02 9.829729336500168113e-01
5.195157608017325623e-02 9.826375144720078669e-01
4.987625032663346725e-02 9.835437667369840709e-01
5.457503780722617465e-02 9.819333511590957464e-01
5.156494755297900273e-02 9.826291817426682229e-01
5.048388898372647982e-02 9.830854302644727039e-01
5.225731929764151906e-02 9.827166837453842341e-01
5.122587403282521934e-02 9.828750151395797552e-01
5.190493710339068312e-02 9.824875158071517678e-01
5.217598047107457893e-02 9.823812699317934216e-01
4.928582897409799352e-02 9.834187650680542570e-01
5.067706488072871301e-02 9.831250154972075439e-01
5.277731597423550997e-02 9.825458478927611150e-01
4.894524740055200551e-02 9.836916816234588801e-01
4.644872812554241143e-02 9.844041770696638771e-01
5.203104462474584385e-02 9.826291817426681119e-01
5.073134150356053973e-02 9.831271004676818137e-01
4.847797224298118490e-02 9.838146013021469294e-01
5.186813194304703417e-02 9.825271004438401734e-01
4.885288059711456049e-02 9.836062651872633511e-01
4.876021433621645362e-02 9.835437619686122623e-01
4.983538027852774110e-02 9.831333523988718959e-01
5.333541162312029765e-02 9.821979355812072709e-01
4.750524707138537028e-02 9.840666818618771794e-01
5.044263295829297389e-02 9.831333470344542080e-01
4.934026552364228352e-02 9.835875135660172575e-01
5.211911126971242869e-02 9.828083533048630471e-01
5.449330210685729425e-02 9.818646031618118997e-01
4.949732271954416368e-02 9.834875178337098012e-01
4.858218843117357438e-02 9.836937713623048474e-01
5.091940805315971902e-02 9.829375141859054699e-01
5.007791588082910472e-02 9.832062649726870385e-01
4.945777501910925134e-02 9.836083537340163385e-01
5.263179313391445902e-02 9.822729367017746238e-01
4.918995676562188529e-02 9.833979320526122780e-01
4.956906724721191898e-02 9.832416844367983799e-01
4.899007653817534502e-02 9.836979335546495173e-01
5.146823493763804519e-02 9.826208478212353770e-01
5.098407454788684429e-02 9.830937683582307018e-01
5.541353780776263338e-02 9.817312699556348665e-01
5.091347802430393199e-02 9.828000128269194224e-01
4.714504357427359155e-02 9.843083488941192227e-01
5.070714244619009547e-02 9.829208475351334240e-01
4.846282068639995444e-02 9.837895941734315919e-01
4.882118843495845961e-02 9.835958504676818315e-01
5.083699049428105216e-02 9.833854329586030341e-01
5.005168229341507014e-02 9.830458533763887230e-01
5.007500950247051330e-02 9.830729317665098943e-01
5.256070520728826911e-02 9.824125170707702637e-01
4.892605023458600211e-02 9.835062676668168136e-01
4.811831098049879768e-02 9.841458487510680309e-01
4.853190016001460855e-02 9.836937630176548764e-01
4.652528317645192313e-02 9.844541853666304299e-01
