1.120991709232330047e+00 6.098000156879425093e-01
8.465874695777891867e-01 7.699000126123425325e-01
5.542658835649492133e-01 8.639000201225283115e-01
4.234950301051139676e-01 8.949000185728073209e-01
3.167881551384925665e-01 9.260333764553071445e-01
2.435550908744335552e-01 9.456833767890930886e-01
2.127085447311401478e-01 9.498417073488235607e-01
2.167095224559307531e-01 9.411167097091673872e-01
1.585644331574439791e-01 9.639250338077547386e-01
1.633685153722763406e-01 9.576667058467864813e-01
1.472115631401539060e-01 9.612417024374010355e-01
1.181251595914364211e-01 9.723333597183225763e-01
1.212238716334104460e-01 9.677833610773086681e-01
1.259559151530265930e-01 9.650083649158475163e-01
9.270455498248336701e-02 9.772500216960909869e-01
9.385529614984988722e-02 9.763666886091233454e-01
9.131107579916711292e-02 9.762750226259230280e-01
7.254169221967456116e-02 9.828083497285842185e-01
7.418690651655203416e-02 9.805833518505097102e-01
7.171730305999519939e-02 9.811833512783052491e-01
5.944870136678219452e-02 9.854333472251892712e-01
6.697801716625689794e-02 9.818666827678682596e-01
6.317342275753617953e-02 9.832416820526124202e-01
5.134899735450745156e-02 9.868666791915892134e-01
5.148243755102156066e-02 9.862666797637936744e-01
5.533374557271602406e-02 9.843583476543426025e-01
4.328771540895105102e-02 9.890583437681198520e-01
5.356879498809578172e-02 9.848666810989378240e-01
5.782803472131491790e-02 9.827250164747238781e-01
4.088630601763725003e-02 9.893166768550872847e-01
3.764197142794725726e-02 9.897750097513200451e-01
3.497705178335309278e-02 9.910583418607712414e-01
3.422724621370435566e-02 9.910833418369292547e-01
3.978439120575786442e-02 9.890250104665756492e-01
4.289660625159739948e-02 9.877500116825106424e-01
3.065705781802536417e-02 9.919500076770778607e-01
4.088586990721523179e-02 9.881916779279706908e-01
2.912623117677868093e-02 9.921333408355712535e-01
2.859567984938621993e-02 9.922000074386597701e-01
3.486598365008830580e-02 9.900833427906035045e-01
2.667392217554152151e-02 9.928916734457015059e-01
2.913774509914219407e-02 9.916166746616363881e-01
3.329867606982590128e-02 9.903833425045015515e-01
2.572117018513381953e-02 9.928166735172270219e-01
2.567227373830973866e-02 9.924916738271710726e-01
3.587979283183812679e-02 9.888583439588548574e-01
3.072480395436287190e-02 9.909666746854781660e-01
2.646364602260291993e-02 9.920666742324827370e-01
3.071458127349615749e-02 9.906750088930132980e-01
2.454849076457322685e-02 9.927833402156828191e-01
2.358838099986313927e-02 9.932166731357573441e-01
2.792903859168290731e-02 9.915250080823901913e-01
2.759389432147145785e-02 9.916500079631804798e-01
2.271762393414973602e-02 9.934250062704086393e-01
2.411065701860934732e-02 9.928333401679992898e-01
2.189938966650515142e-02 9.936166727542875554e-01
2.204426204320043825e-02 9.933250063657759199e-01
2.704432743601500530e-02 9.917166745662689964e-01
2.400859160348773128e-02 9.929083400964739958e-01
2.021636649500577546e-02 9.942333388328552513e-01
2.028012784663589183e-02 9.938166725635526610e-01
2.503875697962939378e-02 9.922000074386599922e-01
2.069761915598064897e-02 9.940250056982040672e-01
2.564090709201992044e-02 9.920083409547806319e-01
2.305707461200654299e-02 9.928666734695432705e-01
2.065122205764056279e-02 9.936500060558319802e-01
2.130924683995544591e-02 9.939083391427996350e-01
1.939045456238090367e-02 9.941750055551528131e-01
1.957672920078037601e-02 9.939833390712741190e-01
2.023950284812599254e-02 9.936750060319896605e-01
2.182451133616268579e-02 9.928083401918412765e-01
1.894720118027181516e-02 9.943750053644180298e-01
1.895090599544346083e-02 9.942333388328549182e-01
1.625730903353542547e-02 9.954250043630599176e-01
1.764618254732340866e-02 9.948000049591065874e-01
1.882767887786031269e-02 9.945333385467530762e-01
1.582699268124997463e-02 9.950583380460740202e-01
1.870800874661654109e-02 9.941666722297667347e-01
1.705317102139815300e-02 9.945333385467530762e-01
2.664733658544719136e-02 9.911666750907900392e-01
1.886696903500705708e-02 9.940416723489761130e-01
1.638832843396812941e-02 9.951000046730041904e-01
1.705446170875802442e-02 9.945166718959805863e-01
1.781513513065874355e-02 9.940000057220457208e-01
1.900028023403138241e-02 9.939916723966595313e-01
1.648007903248071768e-02 9.949333381652831765e-01
1.504443083656951605e-02 9.952500045299533804e-01
2.020907981321216559e-02 9.930916732549668335e-01
1.913044939748942755e-02 9.940250056982038451e-01
1.589556222083047046e-02 9.951916712522508313e-01
1.458916701609268458e-02 9.956333374977113237e-01
1.618592866696417359e-02 9.949250048398973201e-01
1.825258127413690104e-02 9.942916721105575784e-01
2.002080868463964464e-02 9.934416729211805741e-01
1.802762378938496668e-02 9.941250056028361204e-01
1.614751680986954707e-02 9.951583379507062954e-01
2.012117594014853350e-02 9.933416730165484099e-01
1.873693828703835301e-02 9.944416719675065464e-01
1.599984389264135984e-02 9.952250045537949230e-01
1.891837753355503013e-02 9.938166725635528831e-01
2.079244204796850196e-02 9.932250064611437557e-01
1.480732423020526822e-02 9.953250044584274203e-01
1.547393225133419405e-02 9.949833381175996472e-01
1.505366786848753684e-02 9.951833379268648638e-01
2.043211500160397806e-02 9.933583396673202337e-01
1.866562975570560182e-02 9.938083392381669157e-01
1.931489482056349474e-02 9.936416727304459018e-01
1.693643696838989868e-02 9.947083383798599465e-01
1.668769943527877511e-02 9.947250050306323255e-01
1.487306105438619686e-02 9.954333376884461071e-01
1.579831794369965237e-02 9.950750046968460660e-01
1.547347551677375616e-02 9.951416712999343606e-01
1.534500544425100067e-02 9.954250043630600286e-01
1.416454398538917990e-02 9.955416709184646828e-01
1.417016743915155280e-02 9.954666709899903099e-01
1.535717793507501358e-02 9.950833380222321445e-01
1.341043514665216270e-02 9.956333374977107686e-01
1.404658185318112193e-02 9.952916711568833286e-01
1.571222726954147123e-02 9.946083384752275602e-01
1.461468283087014562e-02 9.956250041723253563e-01
1.384203751338645809e-02 9.956666707992553045e-01
1.427418549545108467e-02 9.952166712284087335e-01
1.324713395908475033e-02 9.954416710138322966e-01
1.548330128658563162e-02 9.947916716337203979e-01
1.361521902959793827e-02 9.957916706800464812e-01
1.527715465053915839e-02 9.952916711568834396e-01
1.485768773360178312e-02 9.953416711091995772e-01
1.710644176229835292e-02 9.942666721343993430e-01
1.510606448166072410e-02 9.949000048637388627e-01
1.350147544639185120e-02 9.957250040769574095e-01
1.632381677627562852e-02 9.946916717290875676e-01
1.519479743205010870e-02 9.950000047683715820e-01
1.844904268160461880e-02 9.939250057935716809e-01
1.417388881091029111e-02 9.953250044584273093e-01
1.513347901869565269e-02 9.948083382844925548e-01
1.617776615777984095e-02 9.943583387136458729e-01
1.501836632611229863e-02 9.948833382129669278e-01
1.555421585100701630e-02 9.947666716575621626e-01
1.400982068385928613e-02 9.953583377599715121e-01
1.417034156620502507e-02 9.955333375930782713e-01
1.731540696462615173e-02 9.943750053644179188e-01
1.333093883469701341e-02 9.956416708230971802e-01
1.377783510601147954e-02 9.956000041961668989e-01
1.444659835658967245e-02 9.950833380222317004e-01
1.380929837701842626e-02 9.952250045537951451e-01
1.256744085578248224e-02 9.960750037431718162e-01
1.322419247939251100e-02 9.958166706562046055e-01
1.781428482849151118e-02 9.945333385467529652e-01
1.245111291995271673e-02 9.961166703701015424e-01
1.687570970971138257e-02 9.945416718721390437e-01
1.510064469417556933e-02 9.950750046968459550e-01
1.203743823338300489e-02 9.959166705608373249e-01
1.487600047374144051e-02 9.950500047206879417e-01
1.583359104581176860e-02 9.946500051021579525e-01
1.341114687034860448e-02 9.954833376407623557e-01
1.289593659574165760e-02 9.956083375215529774e-01
1.351492761168629313e-02 9.953333377838136098e-01
1.087435325374826525e-02 9.965166699886323087e-01
1.126094540813937610e-02 9.960833370685580057e-01
1.207381467567756293e-02 9.958750039339064886e-01
1.338764436077326606e-02 9.957416707277297885e-01
1.160956397885457188e-02 9.961333370208738103e-01
1.384539801743812741e-02 9.951166713237760142e-01
1.320183712989091672e-02 9.956750035285950595e-01
1.236823759507387453e-02 9.960333371162414240e-01
1.201763922348618452e-02 9.961833369731901699e-01
1.198486502165906423e-02 9.958250039815904620e-01
1.146468207240104904e-02 9.963000035285952682e-01
1.277138533536344329e-02 9.956833374500271283e-01
1.288054333766922022e-02 9.957083374261856967e-01
1.266964033013210159e-02 9.959416705369948941e-01
1.224577584420330836e-02 9.958833372592927891e-01
1.150188633939250998e-02 9.961416703462598887e-01
1.452352028340101256e-02 9.953750044107438910e-01
1.121966890757903484e-02 9.964750033617021385e-01
1.228591496357694414e-02 9.958833372592926780e-01
1.254765754798427280e-02 9.957750040292743243e-01
1.238894756184890679e-02 9.962083369493486273e-01
1.165511784376576515e-02 9.960500037670136919e-01
1.263207966228946724e-02 9.956916707754134288e-01
1.146293794969096766e-02 9.965500032901764005e-01
1.294074231525883106e-02 9.958750039339063775e-01
1.261852267896756800e-02 9.958750039339064886e-01
1.275553702376783227e-02 9.959166705608369918e-01
1.215308861108496848e-02 9.960250037908552345e-01
1.219194175559096087e-02 9.961083370447157970e-01
1.269016967620700820e-02 9.955416709184645718e-01
1.394743342418223314e-02 9.953666710853573685e-01
1.153281533159315753e-02 9.964583367109299816e-01
1.202859212877228912e-02 9.959916704893113648e-01
1.242259362712502813e-02 9.957083374261856967e-01
1.248882247135043796e-02 9.957333374023441541e-01
1.195057464763522523e-02 9.960916703939439731e-01
1.394079068209975493e-02 9.956000041961670100e-01
1.191051614121533923e-02 9.960333371162412019e-01
1.099672334734350630e-02 9.964166700839995894e-01
1.099386772606522102e-02 9.964833366870879949e-01
1.148097639903426087e-02 9.962083369493487384e-01
1.192202499485575141e-02 9.961083370447157970e-01
1.227308064000681015e-02 9.956583374738695591e-01
