1.428802199363708780e+00 3.918833398818968861e-01
1.239206165075302346e+00 5.168416765332224383e-01
1.072166820764541173e+00 6.037583446502685636e-01
8.473165971040725886e-01 7.107916873693465032e-01
6.896754759550096647e-01 7.691250151395796486e-01
5.673638740181926599e-01 8.137916922569276013e-01
5.126609060168267895e-01 8.294583618640900546e-01
4.386816293001173928e-01 8.584250140190125000e-01
3.770074284076689874e-01 8.814416801929476630e-01
3.274045339226723805e-01 8.963250166177750833e-01
3.501149161159992085e-01 8.813000172376633801e-01
2.745023939013480074e-01 9.141083610057829656e-01
2.628674221038816983e-01 9.148500299453733442e-01
2.363864308595657326e-01 9.239250344038010265e-01
2.202237731218338324e-01 9.305667042732239658e-01
2.111591269075870358e-01 9.327500379085541526e-01
2.276254603266716081e-01 9.229916948080062467e-01
1.878693811595439356e-01 9.403417009115218050e-01
1.794566234201193100e-01 9.433000385761263207e-01
1.702905905246733520e-01 9.470333760976792359e-01
1.511941825598478173e-01 9.529417043924331976e-01
1.613201756030321343e-01 9.479167002439501388e-01
1.518888373672962755e-01 9.525750398635862704e-01
1.336092153191565934e-01 9.575750356912613448e-01
1.331552729010581637e-01 9.577167016267779109e-01
1.270457676798105451e-01 9.597417014837266169e-01
1.168504758924246018e-01 9.643500310182573365e-01
1.259272234886884834e-01 9.602583682537080279e-01
1.183849667757749524e-01 9.628917002677912507e-01
1.112472283840179044e-01 9.652166980504991445e-01
1.044954130053520058e-01 9.676500290632246148e-01
1.033961964026093028e-01 9.665833628177641357e-01
9.631448462605479710e-02 9.696083605289459451e-01
1.119855568930506612e-01 9.639833658933640859e-01
9.644287694245574916e-02 9.690500289201734452e-01
9.237021554261441725e-02 9.709750258922575927e-01
9.335083484649660257e-02 9.702083611488343529e-01
8.942392360419033903e-02 9.713916927576066174e-01
9.223748728632924498e-02 9.703083604574205268e-01
8.080781094729898306e-02 9.746083563566206864e-01
8.389422565698624601e-02 9.733666914701458728e-01
8.372855044901371391e-02 9.735333573818207853e-01
8.132081668823952503e-02 9.741000247001648793e-01
8.069274216890334750e-02 9.740000236034394021e-01
7.606585212051868161e-02 9.755000227689741843e-01
8.761308845132588508e-02 9.713750261068344605e-01
7.959594815969465997e-02 9.749416887760161687e-01
7.453853718936444273e-02 9.761500221490856388e-01
7.899144712835548532e-02 9.748000240325928045e-01
7.402444936335086934e-02 9.756750226020813876e-01
7.275375712662936201e-02 9.765000218153000455e-01
7.274423722177744689e-02 9.774000215530393998e-01
7.060706403106453699e-02 9.780083543062207951e-01
6.729588257148862163e-02 9.786333537101744584e-01
7.728233460336922378e-02 9.749916887283323064e-01
7.357165947556496000e-02 9.759500211477282194e-01
6.587975949048997804e-02 9.794166862964633902e-01
7.141775947064159247e-02 9.761333560943605825e-01
6.636006245389579339e-02 9.787250190973284525e-01
6.192160263657572883e-02 9.797166860103607711e-01
6.144386503845454539e-02 9.799333524703977005e-01
6.520338943228129458e-02 9.784250205755237184e-01
6.283161651343105447e-02 9.797583526372913854e-01
6.150973884388807184e-02 9.801500183343887507e-01
6.253924323245882433e-02 9.795416855812075774e-01
6.064026670530438951e-02 9.802333515882490911e-01
6.285307269543408126e-02 9.792750191688538441e-01
6.478578111156821362e-02 9.792583525180816872e-01
6.348172308877109149e-02 9.790750193595887385e-01
6.064621748402714008e-02 9.802333503961565553e-01
5.677097707986831360e-02 9.815000176429745649e-01
5.881381392478943204e-02 9.803500187397006238e-01
6.427237695083022617e-02 9.787333536148070667e-01
5.693679386749864874e-02 9.812333506345749523e-01
6.019889863207936870e-02 9.804750186204909124e-01
6.058638876304030946e-02 9.798750191926955955e-01
6.171931775286793043e-02 9.797833514213565298e-01
5.492700321599842950e-02 9.819916826486591033e-01
6.290965594351285994e-02 9.792833518981931551e-01
5.596382748335599483e-02 9.813250166177750478e-01
5.168134555220602055e-02 9.828750163316725130e-01
5.319760615006090959e-02 9.827250164747236560e-01
5.353796659037471373e-02 9.823000168800355425e-01
5.613623579964042987e-02 9.818750172853470959e-01
5.860263137146830975e-02 9.805250185728071610e-01
5.485114090144632693e-02 9.821666836738586204e-01
5.501972453668713126e-02 9.821333491802217708e-01
5.159156932495534420e-02 9.832833492755889138e-01
5.827088255435227543e-02 9.806333518028257368e-01
5.117245416156947918e-02 9.830750155448912952e-01
5.801979506388306451e-02 9.806333518028259588e-01
5.199460024014113807e-02 9.825833493471146651e-01
4.737651122733953224e-02 9.845750135183334306e-01
5.417111890390512857e-02 9.818916833400724853e-01
5.515930365771054555e-02 9.817500174045562522e-01
5.776879109442235177e-02 9.807666850090028809e-01
5.401847432367503504e-02 9.822000169754029342e-01
5.402648845687507695e-02 9.820333498716352638e-01
4.857891106978058648e-02 9.840166813135150514e-01
5.036761367693542990e-02 9.833250153064726495e-01
5.121932208538054060e-02 9.827833497524258721e-01
5.164710950106383286e-02 9.827166825532913652e-01
5.827659979462625206e-02 9.808416837453842740e-01
4.820552999153732837e-02 9.846833479404448752e-01
4.742236888036131803e-02 9.844416815042497104e-01
5.549911394715309476e-02 9.811833512783052491e-01
5.091800210997461662e-02 9.830583488941192494e-01
4.951345361769201453e-02 9.840000152587891069e-01
4.743220278993248717e-02 9.844416809082034980e-01
4.919195540249347853e-02 9.840083479881286399e-01
4.508401646278797914e-02 9.852083474397657081e-01
4.435181530192496002e-02 9.850916802883148415e-01
4.882624592632056615e-02 9.837250155210491842e-01
4.501662943512201726e-02 9.847916811704633400e-01
4.513329735025763817e-02 9.849166810512542947e-01
4.640101226046681321e-02 9.846666812896729404e-01
4.781651771627366820e-02 9.845916813611981233e-01
4.772241935133933466e-02 9.841250151395800616e-01
4.549547689035533804e-02 9.847583478689194703e-01
4.737529713660477287e-02 9.840416818857196102e-01
4.473776225000619666e-02 9.856000131368639616e-01
4.750547938980161783e-02 9.840000152587889959e-01
4.528630865737796191e-02 9.852083474397658192e-01
4.737639398314059253e-02 9.848000144958497515e-01
4.391286093741655905e-02 9.852166807651522307e-01
4.773260473273692461e-02 9.843333482742310236e-01
5.016954148188235152e-02 9.836416822671888438e-01
4.304377117194235769e-02 9.859750133752823720e-01
4.400443021208046146e-02 9.856250131130218639e-01
4.333414320833980926e-02 9.858333468437197045e-01
4.311502663418650960e-02 9.855500131845474909e-01
4.768645192496479696e-02 9.845666813850405541e-01
4.838490884751082272e-02 9.845833480358122669e-01
4.571931842714548055e-02 9.845666807889941197e-01
4.610218178480862683e-02 9.847666811943054377e-01
4.554269118234515606e-02 9.846750140190124734e-01
4.289674805477263625e-02 9.860250127315519642e-01
4.382929831743240939e-02 9.852750140428544467e-01
4.192400543019177139e-02 9.864916795492169044e-01
4.889689630828797373e-02 9.834000158309940121e-01
4.315463542006910819e-02 9.856583464145663998e-01
4.269353946670889632e-02 9.858000135421752796e-01
4.114500805735585992e-02 9.864000129699708186e-01
3.971003638580439948e-02 9.865083461999893943e-01
4.694899896159769603e-02 9.840250152349470092e-01
4.431111061014233327e-02 9.851000142097473544e-01
3.921250809915364371e-02 9.865666788816450650e-01
4.219029258005320415e-02 9.860416799783705555e-01
4.630745405331252590e-02 9.848750144243237914e-01
4.485575217753649813e-02 9.849500143527986085e-01
4.121779005974531007e-02 9.863583463430405374e-01
4.340429744683206581e-02 9.859416800737380582e-01
4.208660162985324027e-02 9.860916799306866931e-01
4.492096443660554411e-02 9.846500140428543491e-01
4.470380189828574574e-02 9.859083467721938554e-01
4.335399524308740371e-02 9.854250138998031927e-01
5.519109385088084158e-02 9.806750172376630381e-01
4.099855886772274527e-02 9.863666796684266158e-01
4.197697265073657008e-02 9.860500133037566339e-01
4.339966242201624691e-02 9.858666801452636852e-01
4.224758889526129130e-02 9.862333464622499157e-01
3.780824587680399473e-02 9.873583453893665096e-01
4.334091533906758720e-02 9.857333469390872072e-01
3.986322399228810209e-02 9.870166790485381814e-01
4.120940992608664727e-02 9.863916790485386388e-01
4.215445951558648846e-02 9.862000131607053799e-01
4.634395317174493101e-02 9.846166813373564697e-01
4.353203505277635638e-02 9.855916804075240956e-01
4.769008191302420707e-02 9.840333485603331987e-01
4.195013815537096402e-02 9.858750128746034402e-01
3.948740153573452455e-02 9.865583461523056430e-01
4.238693375140428765e-02 9.860166794061662188e-01
4.453779597766698711e-02 9.851083463430400089e-01
4.004270633682609909e-02 9.869750124216081222e-01
3.853803916834295379e-02 9.869750124216079001e-01
4.000490142963827878e-02 9.861500126123426968e-01
3.550852709449826838e-02 9.878666782379150746e-01
5.156617237254976227e-02 9.827500164508821134e-01
3.927197885699568874e-02 9.868083459138869973e-01
3.988939654082061109e-02 9.865416795015334861e-01
4.130143020302055878e-02 9.863750123977660378e-01
4.298950669355691701e-02 9.853916805982592120e-01
3.857721617445351164e-02 9.867666792869568271e-01
4.216959770768882038e-02 9.857500129938124855e-01
4.293145935982465439e-02 9.854750138521193303e-01
3.814640878699718934e-02 9.871166789531705676e-01
4.553481262177226652e-02 9.851583474874494595e-01
4.116087136790154422e-02 9.858833467960358421e-01
3.872007558122277787e-02 9.870000123977660245e-01
3.881541877985002220e-02 9.865916794538496237e-01
4.188080567866562381e-02 9.858416789770126920e-01
4.498206359334290527e-02 9.852166801691054632e-01
3.947468206286432191e-02 9.870333456993103383e-01
4.055309594608843410e-02 9.862166792154309913e-01
3.979483557865025334e-02 9.864666795730592241e-01
4.216281970031558746e-02 9.859500133991238036e-01
4.464099487289786145e-02 9.851833474636078058e-01
3.614307970739900899e-02 9.874333453178404385e-01
3.977722944691777091e-02 9.870083451271057795e-01
4.047217906452713065e-02 9.862916797399520208e-01
