3.629999999999999893e+00 1.542999999999999972e+01
2.855600000000000094e+01 4.825999999999999801e+01
5.321800000000000352e+01 6.307000000000000028e+01
6.425799999999999557e+01 6.945999999999999375e+01
6.988800000000000523e+01 7.293999999999999773e+01
7.379200000000000159e+01 7.562999999999999545e+01
7.659999999999999432e+01 7.714000000000000057e+01
7.875199999999999534e+01 7.862000000000000455e+01
8.061199999999999477e+01 7.935999999999999943e+01
8.240399999999999636e+01 7.964000000000000057e+01
8.358400000000000318e+01 8.028000000000000114e+01
8.498799999999999955e+01 8.062000000000000455e+01
8.606999999999999318e+01 8.128000000000000114e+01
8.714600000000000080e+01 8.146999999999999886e+01
8.801999999999999602e+01 8.168000000000000682e+01
8.866599999999999682e+01 8.170000000000000284e+01
8.960200000000000387e+01 8.192000000000000171e+01
9.009399999999999409e+01 8.200000000000000000e+01
9.068800000000000239e+01 8.245000000000000284e+01
9.156000000000000227e+01 8.212000000000000455e+01
9.176800000000000068e+01 8.231000000000000227e+01
9.252599999999999625e+01 8.250000000000000000e+01
9.285999999999999943e+01 8.275000000000000000e+01
9.348000000000000398e+01 8.295000000000000284e+01
9.397799999999999443e+01 8.273000000000000398e+01
9.417199999999999704e+01 8.264000000000000057e+01
9.456600000000000250e+01 8.281000000000000227e+01
9.482599999999999341e+01 8.275000000000000000e+01
9.494599999999999795e+01 8.281999999999999318e+01
9.528600000000000136e+01 8.276000000000000512e+01
9.560599999999999454e+01 8.284000000000000341e+01
9.598799999999999955e+01 8.325000000000000000e+01
9.595000000000000284e+01 8.295999999999999375e+01
9.618000000000000682e+01 8.290999999999999659e+01
9.626000000000000512e+01 8.318999999999999773e+01
9.654399999999999693e+01 8.320000000000000284e+01
9.676800000000000068e+01 8.315000000000000568e+01
9.684799999999999898e+01 8.326000000000000512e+01
9.704200000000000159e+01 8.304000000000000625e+01
9.716400000000000148e+01 8.323999999999999488e+01
9.729800000000000182e+01 8.307999999999999829e+01
9.740000000000000568e+01 8.306999999999999318e+01
9.741800000000000637e+01 8.287000000000000455e+01
9.755400000000000205e+01 8.310999999999999943e+01
9.764199999999999591e+01 8.295999999999999375e+01
9.777400000000000091e+01 8.329000000000000625e+01
9.765000000000000568e+01 8.325000000000000000e+01
9.783799999999999386e+01 8.295000000000000284e+01
9.801200000000000045e+01 8.328000000000000114e+01
9.796800000000000352e+01 8.331000000000000227e+01
