4.714000000000000412e+00 1.532000000000000028e+01
1.922400000000000020e+01 2.966000000000000014e+01
3.257999999999999829e+01 3.984000000000000341e+01
4.325000000000000000e+01 4.968999999999999773e+01
5.139999999999999858e+01 5.702000000000000313e+01
5.733400000000000318e+01 6.135999999999999943e+01
6.177600000000000335e+01 6.512999999999999545e+01
6.495799999999999841e+01 6.756999999999999318e+01
6.771200000000000330e+01 6.921999999999999886e+01
6.976200000000000045e+01 7.106000000000000227e+01
7.187399999999999523e+01 7.228000000000000114e+01
7.358199999999999363e+01 7.339000000000000057e+01
7.488400000000000034e+01 7.445999999999999375e+01
7.580599999999999739e+01 7.542000000000000171e+01
7.715000000000000568e+01 7.609999999999999432e+01
7.799200000000000443e+01 7.642000000000000171e+01
7.883599999999999852e+01 7.707999999999999829e+01
7.980599999999999739e+01 7.785999999999999943e+01
8.052800000000000580e+01 7.829000000000000625e+01
8.134199999999999875e+01 7.856999999999999318e+01
8.212199999999999989e+01 7.890000000000000568e+01
8.269799999999999329e+01 7.920999999999999375e+01
8.343600000000000705e+01 7.948999999999999488e+01
8.394799999999999329e+01 7.995000000000000284e+01
8.441599999999999682e+01 8.004999999999999716e+01
8.504800000000000182e+01 8.029000000000000625e+01
8.555800000000000693e+01 8.053000000000000114e+01
8.590600000000000591e+01 8.060999999999999943e+01
8.658799999999999386e+01 8.093999999999999773e+01
8.686400000000000432e+01 8.112999999999999545e+01
8.727599999999999625e+01 8.131999999999999318e+01
8.782999999999999829e+01 8.131999999999999318e+01
8.807399999999999807e+01 8.137999999999999545e+01
8.833599999999999852e+01 8.140000000000000568e+01
8.886400000000000432e+01 8.145999999999999375e+01
8.915800000000000125e+01 8.190999999999999659e+01
8.973600000000000421e+01 8.187000000000000455e+01
8.973399999999999466e+01 8.200000000000000000e+01
9.031199999999999761e+01 8.187999999999999545e+01
9.054200000000000159e+01 8.201999999999999602e+01
9.070999999999999375e+01 8.226999999999999602e+01
9.123199999999999932e+01 8.229000000000000625e+01
9.125400000000000489e+01 8.220999999999999375e+01
9.162600000000000477e+01 8.239000000000000057e+01
9.194599999999999795e+01 8.251000000000000512e+01
9.214799999999999613e+01 8.240000000000000568e+01
9.256600000000000250e+01 8.253000000000000114e+01
9.261199999999999477e+01 8.265999999999999659e+01
9.284999999999999432e+01 8.287999999999999545e+01
9.320600000000000307e+01 8.285999999999999943e+01
