4.814000000000000057e+00 2.553000000000000114e+01
3.782800000000000296e+01 6.027000000000000313e+01
5.977000000000000313e+01 6.901000000000000512e+01
6.739600000000000080e+01 7.382999999999999829e+01
7.210200000000000387e+01 7.595999999999999375e+01
7.530599999999999739e+01 7.775000000000000000e+01
7.818399999999999750e+01 7.921999999999999886e+01
7.999399999999999977e+01 8.001000000000000512e+01
8.189799999999999613e+01 8.096999999999999886e+01
8.375199999999999534e+01 8.110999999999999943e+01
8.512999999999999545e+01 8.175000000000000000e+01
8.647199999999999420e+01 8.243000000000000682e+01
8.753199999999999648e+01 8.279999999999999716e+01
8.888400000000000034e+01 8.276000000000000512e+01
8.996999999999999886e+01 8.335999999999999943e+01
9.056600000000000250e+01 8.368999999999999773e+01
9.169199999999999307e+01 8.398999999999999488e+01
9.212800000000000011e+01 8.404000000000000625e+01
9.306999999999999318e+01 8.379999999999999716e+01
9.334600000000000364e+01 8.418000000000000682e+01
9.385999999999999943e+01 8.435999999999999943e+01
9.451999999999999602e+01 8.431000000000000227e+01
9.498000000000000398e+01 8.468999999999999773e+01
9.539799999999999613e+01 8.423999999999999488e+01
9.570799999999999841e+01 8.443000000000000682e+01
9.610200000000000387e+01 8.428000000000000114e+01
9.637199999999999989e+01 8.465999999999999659e+01
9.662600000000000477e+01 8.451999999999999602e+01
9.687999999999999545e+01 8.445999999999999375e+01
9.703000000000000114e+01 8.462999999999999545e+01
9.713400000000000034e+01 8.470999999999999375e+01
9.739600000000000080e+01 8.468000000000000682e+01
9.745399999999999352e+01 8.479000000000000625e+01
9.777200000000000557e+01 8.465000000000000568e+01
9.792600000000000193e+01 8.487999999999999545e+01
9.785599999999999454e+01 8.476999999999999602e+01
9.814799999999999613e+01 8.493999999999999773e+01
9.811799999999999500e+01 8.490000000000000568e+01
9.827200000000000557e+01 8.504999999999999716e+01
9.835399999999999920e+01 8.514000000000000057e+01
9.841599999999999682e+01 8.493000000000000682e+01
9.847400000000000375e+01 8.523999999999999488e+01
9.850400000000000489e+01 8.518000000000000682e+01
9.853400000000000603e+01 8.506000000000000227e+01
9.867199999999999704e+01 8.490000000000000568e+01
9.876200000000000045e+01 8.521999999999999886e+01
9.873799999999999955e+01 8.518000000000000682e+01
9.878600000000000136e+01 8.495000000000000284e+01
9.879999999999999716e+01 8.503000000000000114e+01
9.880599999999999739e+01 8.515000000000000568e+01
