7.930800000000000693e+01 9.201000000000000512e+01
9.267400000000000659e+01 9.371999999999999886e+01
9.485999999999999943e+01 9.459000000000000341e+01
9.618999999999999773e+01 9.493000000000000682e+01
9.698799999999999955e+01 9.500000000000000000e+01
9.742199999999999704e+01 9.529999999999999716e+01
9.800000000000000000e+01 9.537999999999999545e+01
9.812999999999999545e+01 9.570999999999999375e+01
9.851600000000000534e+01 9.543000000000000682e+01
9.862000000000000455e+01 9.520000000000000284e+01
9.880400000000000205e+01 9.560999999999999943e+01
9.899399999999999977e+01 9.564000000000000057e+01
9.904800000000000182e+01 9.507999999999999829e+01
9.908400000000000318e+01 9.564000000000000057e+01
9.923999999999999488e+01 9.529999999999999716e+01
9.904399999999999693e+01 9.560999999999999943e+01
9.921999999999999886e+01 9.554999999999999716e+01
9.931999999999999318e+01 9.564000000000000057e+01
9.928400000000000603e+01 9.576999999999999602e+01
9.934600000000000364e+01 9.556000000000000227e+01
9.932999999999999829e+01 9.545999999999999375e+01
9.935599999999999454e+01 9.590999999999999659e+01
9.940999999999999659e+01 9.590000000000000568e+01
9.944799999999999329e+01 9.568000000000000682e+01
9.945600000000000307e+01 9.576000000000000512e+01
9.945000000000000284e+01 9.550000000000000000e+01
9.943999999999999773e+01 9.568999999999999773e+01
9.946800000000000352e+01 9.568999999999999773e+01
9.947199999999999420e+01 9.573000000000000398e+01
9.946599999999999397e+01 9.598999999999999488e+01
9.946800000000000352e+01 9.575000000000000000e+01
9.950799999999999557e+01 9.570999999999999375e+01
9.948600000000000421e+01 9.571999999999999886e+01
9.943399999999999750e+01 9.559999999999999432e+01
9.952200000000000557e+01 9.584000000000000341e+01
9.953600000000000136e+01 9.568000000000000682e+01
9.950400000000000489e+01 9.604000000000000625e+01
9.951399999999999579e+01 9.573000000000000398e+01
9.954800000000000182e+01 9.545000000000000284e+01
9.959000000000000341e+01 9.554000000000000625e+01
9.955200000000000671e+01 9.576000000000000512e+01
9.954200000000000159e+01 9.584999999999999432e+01
9.959999999999999432e+01 9.579999999999999716e+01
9.957599999999999341e+01 9.584999999999999432e+01
9.949800000000000466e+01 9.587000000000000455e+01
9.958599999999999852e+01 9.534999999999999432e+01
9.949800000000000466e+01 9.556999999999999318e+01
9.951800000000000068e+01 9.534999999999999432e+01
9.951800000000000068e+01 9.554999999999999716e+01
9.948000000000000398e+01 9.579000000000000625e+01
