5.902600000000000335e+01 7.679999999999999716e+01
7.988800000000000523e+01 8.034000000000000341e+01
8.555599999999999739e+01 8.125000000000000000e+01
8.896200000000000330e+01 8.200000000000000000e+01
9.130400000000000205e+01 8.273000000000000398e+01
9.309399999999999409e+01 8.279999999999999716e+01
9.439199999999999591e+01 8.331000000000000227e+01
9.532599999999999341e+01 8.290000000000000568e+01
9.609600000000000364e+01 8.298999999999999488e+01
9.679600000000000648e+01 8.360999999999999943e+01
9.706199999999999761e+01 8.354999999999999716e+01
9.753000000000000114e+01 8.304000000000000625e+01
9.776999999999999602e+01 8.326999999999999602e+01
9.793000000000000682e+01 8.364000000000000057e+01
9.819799999999999329e+01 8.365000000000000568e+01
9.826800000000000068e+01 8.337999999999999545e+01
9.839400000000000546e+01 8.392000000000000171e+01
9.862199999999999989e+01 8.398000000000000398e+01
9.876600000000000534e+01 8.410999999999999943e+01
9.876399999999999579e+01 8.354000000000000625e+01
9.889199999999999591e+01 8.384000000000000341e+01
9.896800000000000352e+01 8.401999999999999602e+01
9.895199999999999818e+01 8.376000000000000512e+01
9.903600000000000136e+01 8.387999999999999545e+01
9.903799999999999670e+01 8.343999999999999773e+01
9.913599999999999568e+01 8.373000000000000398e+01
9.922599999999999909e+01 8.390000000000000568e+01
9.920399999999999352e+01 8.387999999999999545e+01
9.922799999999999443e+01 8.390000000000000568e+01
9.928199999999999648e+01 8.435999999999999943e+01
9.930200000000000671e+01 8.439000000000000057e+01
9.937999999999999545e+01 8.432999999999999829e+01
9.939600000000000080e+01 8.417000000000000171e+01
9.934600000000000364e+01 8.385999999999999943e+01
9.940200000000000102e+01 8.415999999999999659e+01
9.946200000000000330e+01 8.406000000000000227e+01
9.948799999999999955e+01 8.420000000000000284e+01
9.951399999999999579e+01 8.393999999999999773e+01
9.943000000000000682e+01 8.437000000000000455e+01
9.953000000000000114e+01 8.409999999999999432e+01
9.952400000000000091e+01 8.437999999999999545e+01
9.950799999999999557e+01 8.373999999999999488e+01
9.959399999999999409e+01 8.425000000000000000e+01
9.952200000000000557e+01 8.385999999999999943e+01
9.956999999999999318e+01 8.417000000000000171e+01
9.954600000000000648e+01 8.368999999999999773e+01
9.957599999999999341e+01 8.396999999999999886e+01
9.954000000000000625e+01 8.428000000000000114e+01
9.959199999999999875e+01 8.410999999999999943e+01
9.956199999999999761e+01 8.426999999999999602e+01
