5.060199999999999676e+01 7.142000000000000171e+01
7.322799999999999443e+01 7.762999999999999545e+01
7.948600000000000421e+01 7.970000000000000284e+01
8.340800000000000125e+01 8.082999999999999829e+01
8.598000000000000398e+01 8.198999999999999488e+01
8.823999999999999488e+01 8.264000000000000057e+01
9.019799999999999329e+01 8.251000000000000512e+01
9.141800000000000637e+01 8.268999999999999773e+01
9.270399999999999352e+01 8.323999999999999488e+01
9.369599999999999795e+01 8.348000000000000398e+01
9.470399999999999352e+01 8.320999999999999375e+01
9.534600000000000364e+01 8.329000000000000625e+01
9.583199999999999363e+01 8.368999999999999773e+01
9.644799999999999329e+01 8.356000000000000227e+01
9.684999999999999432e+01 8.370999999999999375e+01
9.708400000000000318e+01 8.337999999999999545e+01
9.731799999999999784e+01 8.359999999999999432e+01
9.735999999999999943e+01 8.353000000000000114e+01
9.775199999999999534e+01 8.368000000000000682e+01
9.784000000000000341e+01 8.409000000000000341e+01
9.793600000000000705e+01 8.364000000000000057e+01
9.814600000000000080e+01 8.404999999999999716e+01
9.824800000000000466e+01 8.387000000000000455e+01
9.833400000000000318e+01 8.381999999999999318e+01
9.839000000000000057e+01 8.375000000000000000e+01
9.837999999999999545e+01 8.398000000000000398e+01
9.850000000000000000e+01 8.382999999999999829e+01
9.861599999999999966e+01 8.389000000000000057e+01
9.862399999999999523e+01 8.379000000000000625e+01
9.866200000000000614e+01 8.384000000000000341e+01
9.874800000000000466e+01 8.401000000000000512e+01
9.872799999999999443e+01 8.345999999999999375e+01
9.876000000000000512e+01 8.415000000000000568e+01
9.884999999999999432e+01 8.409000000000000341e+01
9.884600000000000364e+01 8.384999999999999432e+01
9.886799999999999500e+01 8.410999999999999943e+01
9.883400000000000318e+01 8.392000000000000171e+01
9.894400000000000261e+01 8.381000000000000227e+01
9.888800000000000523e+01 8.398000000000000398e+01
9.897799999999999443e+01 8.403000000000000114e+01
9.903199999999999648e+01 8.345999999999999375e+01
9.902800000000000580e+01 8.381000000000000227e+01
9.902400000000000091e+01 8.398000000000000398e+01
9.901999999999999602e+01 8.406999999999999318e+01
9.904600000000000648e+01 8.440000000000000568e+01
9.898999999999999488e+01 8.331000000000000227e+01
9.904000000000000625e+01 8.393999999999999773e+01
9.895399999999999352e+01 8.381999999999999318e+01
9.908199999999999363e+01 8.384000000000000341e+01
9.905200000000000671e+01 8.412000000000000455e+01
