4.159400000000000119e+01 6.970999999999999375e+01
7.258199999999999363e+01 7.757999999999999829e+01
8.004200000000000159e+01 7.948000000000000398e+01
8.398600000000000421e+01 8.118000000000000682e+01
8.716800000000000637e+01 8.176999999999999602e+01
8.916400000000000148e+01 8.214000000000000057e+01
9.093600000000000705e+01 8.248000000000000398e+01
9.247199999999999420e+01 8.289000000000000057e+01
9.363200000000000500e+01 8.298999999999999488e+01
9.456600000000000250e+01 8.320000000000000284e+01
9.535599999999999454e+01 8.345999999999999375e+01
9.590600000000000591e+01 8.325000000000000000e+01
9.648399999999999466e+01 8.326999999999999602e+01
9.668999999999999773e+01 8.331000000000000227e+01
9.720000000000000284e+01 8.353000000000000114e+01
9.750400000000000489e+01 8.350000000000000000e+01
9.766400000000000148e+01 8.329000000000000625e+01
9.793600000000000705e+01 8.387000000000000455e+01
9.796200000000000330e+01 8.409999999999999432e+01
9.820199999999999818e+01 8.365000000000000568e+01
9.836199999999999477e+01 8.367000000000000171e+01
9.840600000000000591e+01 8.387999999999999545e+01
9.853799999999999670e+01 8.392000000000000171e+01
9.849599999999999511e+01 8.379000000000000625e+01
9.870999999999999375e+01 8.364000000000000057e+01
9.875400000000000489e+01 8.398999999999999488e+01
9.874800000000000466e+01 8.359000000000000341e+01
9.887600000000000477e+01 8.393999999999999773e+01
9.883599999999999852e+01 8.351999999999999602e+01
9.900600000000000023e+01 8.373000000000000398e+01
9.899200000000000443e+01 8.381000000000000227e+01
9.893600000000000705e+01 8.365999999999999659e+01
9.889000000000000057e+01 8.387999999999999545e+01
9.903400000000000603e+01 8.384999999999999432e+01
9.917600000000000193e+01 8.393000000000000682e+01
9.916599999999999682e+01 8.376999999999999602e+01
9.904000000000000625e+01 8.415999999999999659e+01
9.915399999999999636e+01 8.379000000000000625e+01
9.924399999999999977e+01 8.418999999999999773e+01
9.921800000000000352e+01 8.409000000000000341e+01
9.922199999999999420e+01 8.389000000000000057e+01
9.920999999999999375e+01 8.404999999999999716e+01
9.926200000000000045e+01 8.404000000000000625e+01
9.929399999999999693e+01 8.398000000000000398e+01
9.935999999999999943e+01 8.409999999999999432e+01
9.920799999999999841e+01 8.420999999999999375e+01
9.928799999999999670e+01 8.412000000000000455e+01
9.931799999999999784e+01 8.423000000000000398e+01
9.936599999999999966e+01 8.426000000000000512e+01
9.941599999999999682e+01 8.412000000000000455e+01
