7.394000000000000128e+00 3.467999999999999972e+01
4.899600000000000222e+01 6.667000000000000171e+01
6.902599999999999625e+01 7.529000000000000625e+01
7.647400000000000375e+01 7.943000000000000682e+01
8.130200000000000671e+01 8.078000000000000114e+01
8.416599999999999682e+01 8.204000000000000625e+01
8.677800000000000580e+01 8.306000000000000227e+01
8.864199999999999591e+01 8.303000000000000114e+01
9.055599999999999739e+01 8.348000000000000398e+01
9.165600000000000591e+01 8.378000000000000114e+01
9.307200000000000273e+01 8.381000000000000227e+01
9.392799999999999727e+01 8.404000000000000625e+01
9.479399999999999693e+01 8.429000000000000625e+01
9.549399999999999977e+01 8.423000000000000398e+01
9.602599999999999625e+01 8.414000000000000057e+01
9.643200000000000216e+01 8.470999999999999375e+01
9.690999999999999659e+01 8.434999999999999432e+01
9.722199999999999420e+01 8.423000000000000398e+01
9.742199999999999704e+01 8.459000000000000341e+01
9.763599999999999568e+01 8.435999999999999943e+01
9.802200000000000557e+01 8.440000000000000568e+01
9.787800000000000011e+01 8.476999999999999602e+01
9.798600000000000421e+01 8.440000000000000568e+01
9.820199999999999818e+01 8.484000000000000341e+01
9.840200000000000102e+01 8.440000000000000568e+01
9.840200000000000102e+01 8.476000000000000512e+01
9.849800000000000466e+01 8.434999999999999432e+01
9.862399999999999523e+01 8.450000000000000000e+01
9.859799999999999898e+01 8.465000000000000568e+01
9.871599999999999397e+01 8.460999999999999943e+01
9.874200000000000443e+01 8.471999999999999886e+01
9.881399999999999295e+01 8.468000000000000682e+01
9.887000000000000455e+01 8.442000000000000171e+01
9.893999999999999773e+01 8.481999999999999318e+01
9.893200000000000216e+01 8.459999999999999432e+01
9.907999999999999829e+01 8.459999999999999432e+01
9.899800000000000466e+01 8.479000000000000625e+01
9.909799999999999898e+01 8.487000000000000455e+01
9.912399999999999523e+01 8.490999999999999659e+01
9.908599999999999852e+01 8.445000000000000284e+01
9.909000000000000341e+01 8.457999999999999829e+01
9.907999999999999829e+01 8.456000000000000227e+01
9.909600000000000364e+01 8.462000000000000455e+01
9.913400000000000034e+01 8.498999999999999488e+01
9.922400000000000375e+01 8.490000000000000568e+01
9.919199999999999307e+01 8.495999999999999375e+01
9.919799999999999329e+01 8.479000000000000625e+01
9.933599999999999852e+01 8.490000000000000568e+01
9.930800000000000693e+01 8.445000000000000284e+01
9.940600000000000591e+01 8.445000000000000284e+01
