9.166000000000000369e+00 3.739000000000000057e+01
5.045400000000000063e+01 6.668999999999999773e+01
6.964600000000000080e+01 7.446999999999999886e+01
7.676600000000000534e+01 7.831999999999999318e+01
8.132200000000000273e+01 8.020000000000000284e+01
8.422199999999999420e+01 8.123000000000000398e+01
8.702599999999999625e+01 8.184999999999999432e+01
8.896999999999999886e+01 8.256000000000000227e+01
9.071599999999999397e+01 8.262999999999999545e+01
9.199599999999999511e+01 8.290999999999999659e+01
9.310399999999999920e+01 8.293999999999999773e+01
9.427800000000000580e+01 8.268000000000000682e+01
9.491800000000000637e+01 8.351999999999999602e+01
9.577400000000000091e+01 8.300000000000000000e+01
9.607200000000000273e+01 8.304000000000000625e+01
9.652400000000000091e+01 8.301999999999999602e+01
9.683599999999999852e+01 8.328000000000000114e+01
9.706000000000000227e+01 8.306999999999999318e+01
9.731199999999999761e+01 8.326999999999999602e+01
9.769400000000000261e+01 8.301000000000000512e+01
9.773199999999999932e+01 8.284999999999999432e+01
9.790000000000000568e+01 8.335999999999999943e+01
9.798999999999999488e+01 8.320000000000000284e+01
9.828199999999999648e+01 8.354000000000000625e+01
9.823000000000000398e+01 8.315000000000000568e+01
9.819799999999999329e+01 8.268999999999999773e+01
9.832599999999999341e+01 8.315000000000000568e+01
9.848799999999999955e+01 8.306999999999999318e+01
9.851399999999999579e+01 8.304000000000000625e+01
9.871800000000000352e+01 8.342000000000000171e+01
9.865200000000000102e+01 8.359000000000000341e+01
9.863800000000000523e+01 8.318000000000000682e+01
9.873799999999999955e+01 8.320999999999999375e+01
9.870799999999999841e+01 8.373999999999999488e+01
9.875600000000000023e+01 8.337999999999999545e+01
9.887600000000000477e+01 8.354999999999999716e+01
9.882399999999999807e+01 8.337999999999999545e+01
9.897400000000000375e+01 8.340999999999999659e+01
9.895999999999999375e+01 8.320000000000000284e+01
9.893200000000000216e+01 8.331000000000000227e+01
9.895799999999999841e+01 8.328000000000000114e+01
9.902599999999999625e+01 8.306000000000000227e+01
9.901600000000000534e+01 8.337000000000000455e+01
9.911199999999999477e+01 8.350000000000000000e+01
9.913599999999999568e+01 8.317000000000000171e+01
9.915600000000000591e+01 8.320999999999999375e+01
9.903400000000000603e+01 8.315000000000000568e+01
9.908599999999999852e+01 8.323999999999999488e+01
9.909799999999999898e+01 8.343999999999999773e+01
9.913400000000000034e+01 8.343999999999999773e+01
