5.906199999999999761e+01 7.712000000000000455e+01
7.985999999999999943e+01 8.065000000000000568e+01
8.501800000000000068e+01 8.200000000000000000e+01
8.843999999999999773e+01 8.270000000000000284e+01
9.066400000000000148e+01 8.242000000000000171e+01
9.249599999999999511e+01 8.301999999999999602e+01
9.382800000000000296e+01 8.331999999999999318e+01
9.476000000000000512e+01 8.329999999999999716e+01
9.559199999999999875e+01 8.354999999999999716e+01
9.607399999999999807e+01 8.392000000000000171e+01
9.662399999999999523e+01 8.375000000000000000e+01
9.702800000000000580e+01 8.350000000000000000e+01
9.751600000000000534e+01 8.368000000000000682e+01
9.768999999999999773e+01 8.400000000000000000e+01
9.802400000000000091e+01 8.384999999999999432e+01
9.810999999999999943e+01 8.396999999999999886e+01
9.831600000000000250e+01 8.373999999999999488e+01
9.840600000000000591e+01 8.398000000000000398e+01
9.846999999999999886e+01 8.400000000000000000e+01
9.867799999999999727e+01 8.409999999999999432e+01
9.872199999999999420e+01 8.415999999999999659e+01
9.884399999999999409e+01 8.410999999999999943e+01
9.891800000000000637e+01 8.453000000000000114e+01
9.892400000000000659e+01 8.418000000000000682e+01
9.898799999999999955e+01 8.418000000000000682e+01
9.903400000000000603e+01 8.412000000000000455e+01
9.908799999999999386e+01 8.429000000000000625e+01
9.917199999999999704e+01 8.426000000000000512e+01
9.920399999999999352e+01 8.468000000000000682e+01
9.920399999999999352e+01 8.471999999999999886e+01
9.916400000000000148e+01 8.445000000000000284e+01
9.923199999999999932e+01 8.420999999999999375e+01
9.925199999999999534e+01 8.446999999999999886e+01
9.931199999999999761e+01 8.481999999999999318e+01
9.932200000000000273e+01 8.443999999999999773e+01
9.945999999999999375e+01 8.465999999999999659e+01
9.938400000000000034e+01 8.459999999999999432e+01
9.937600000000000477e+01 8.431000000000000227e+01
9.938400000000000034e+01 8.446999999999999886e+01
9.941800000000000637e+01 8.440999999999999659e+01
9.942799999999999727e+01 8.451000000000000512e+01
9.937800000000000011e+01 8.418999999999999773e+01
9.951200000000000045e+01 8.481999999999999318e+01
9.950199999999999534e+01 8.459999999999999432e+01
9.950400000000000489e+01 8.442000000000000171e+01
9.949800000000000466e+01 8.432999999999999829e+01
9.945399999999999352e+01 8.434999999999999432e+01
9.952200000000000557e+01 8.431000000000000227e+01
9.961199999999999477e+01 8.437999999999999545e+01
9.952800000000000580e+01 8.431999999999999318e+01
