3.774799999999999756e+01 6.720999999999999375e+01
7.087199999999999989e+01 7.698999999999999488e+01
7.851800000000000068e+01 7.912000000000000455e+01
8.284600000000000364e+01 8.110999999999999943e+01
8.592000000000000171e+01 8.193999999999999773e+01
8.774800000000000466e+01 8.262000000000000455e+01
8.971200000000000330e+01 8.284999999999999432e+01
9.126800000000000068e+01 8.293999999999999773e+01
9.271200000000000330e+01 8.329000000000000625e+01
9.351200000000000045e+01 8.343999999999999773e+01
9.450600000000000023e+01 8.373999999999999488e+01
9.503600000000000136e+01 8.356000000000000227e+01
9.584399999999999409e+01 8.354999999999999716e+01
9.624599999999999511e+01 8.356999999999999318e+01
9.679200000000000159e+01 8.346999999999999886e+01
9.689400000000000546e+01 8.337000000000000455e+01
9.720399999999999352e+01 8.370999999999999375e+01
9.749200000000000443e+01 8.329999999999999716e+01
9.778600000000000136e+01 8.414000000000000057e+01
9.770799999999999841e+01 8.379000000000000625e+01
9.800400000000000489e+01 8.392000000000000171e+01
9.801000000000000512e+01 8.406999999999999318e+01
9.809799999999999898e+01 8.367000000000000171e+01
9.838200000000000500e+01 8.373999999999999488e+01
9.842400000000000659e+01 8.406000000000000227e+01
9.844799999999999329e+01 8.382999999999999829e+01
9.850600000000000023e+01 8.348000000000000398e+01
9.859600000000000364e+01 8.384999999999999432e+01
9.859000000000000341e+01 8.365000000000000568e+01
9.865600000000000591e+01 8.385999999999999943e+01
9.869599999999999795e+01 8.401999999999999602e+01
9.860399999999999920e+01 8.404000000000000625e+01
9.873799999999999955e+01 8.390999999999999659e+01
9.883400000000000318e+01 8.379999999999999716e+01
9.873600000000000421e+01 8.357999999999999829e+01
9.882399999999999807e+01 8.373999999999999488e+01
9.881999999999999318e+01 8.370000000000000284e+01
9.885599999999999454e+01 8.418999999999999773e+01
9.888400000000000034e+01 8.378000000000000114e+01
9.890399999999999636e+01 8.387000000000000455e+01
9.891400000000000148e+01 8.407999999999999829e+01
9.898000000000000398e+01 8.417000000000000171e+01
9.885200000000000387e+01 8.426999999999999602e+01
9.889400000000000546e+01 8.406000000000000227e+01
9.889600000000000080e+01 8.332999999999999829e+01
9.897799999999999443e+01 8.354999999999999716e+01
9.904800000000000182e+01 8.365999999999999659e+01
9.887999999999999545e+01 8.339000000000000057e+01
9.905400000000000205e+01 8.354999999999999716e+01
9.914199999999999591e+01 8.362999999999999545e+01
