2.892999999999999972e+01 5.735999999999999943e+01
6.508599999999999852e+01 7.314000000000000057e+01
7.601200000000000045e+01 7.770000000000000284e+01
8.142000000000000171e+01 7.990000000000000568e+01
8.529600000000000648e+01 8.151999999999999602e+01
8.799399999999999977e+01 8.193000000000000682e+01
9.033199999999999363e+01 8.225000000000000000e+01
9.192600000000000193e+01 8.256999999999999318e+01
9.337600000000000477e+01 8.300000000000000000e+01
9.480200000000000671e+01 8.337000000000000455e+01
9.545999999999999375e+01 8.350000000000000000e+01
9.616400000000000148e+01 8.321999999999999886e+01
9.668800000000000239e+01 8.340999999999999659e+01
9.714400000000000546e+01 8.326999999999999602e+01
9.749399999999999977e+01 8.321999999999999886e+01
9.780200000000000671e+01 8.301999999999999602e+01
9.801000000000000512e+01 8.329000000000000625e+01
9.823399999999999466e+01 8.362999999999999545e+01
9.832599999999999341e+01 8.340000000000000568e+01
9.833799999999999386e+01 8.357999999999999829e+01
9.858599999999999852e+01 8.354000000000000625e+01
9.856000000000000227e+01 8.381999999999999318e+01
9.884600000000000364e+01 8.365000000000000568e+01
9.879399999999999693e+01 8.379000000000000625e+01
9.876200000000000045e+01 8.318999999999999773e+01
9.882800000000000296e+01 8.320000000000000284e+01
9.898000000000000398e+01 8.368000000000000682e+01
9.900000000000000000e+01 8.367000000000000171e+01
9.901999999999999602e+01 8.351999999999999602e+01
9.901399999999999579e+01 8.381999999999999318e+01
9.915200000000000102e+01 8.362999999999999545e+01
9.917600000000000193e+01 8.367000000000000171e+01
9.916800000000000637e+01 8.390000000000000568e+01
9.910999999999999943e+01 8.346999999999999886e+01
9.920000000000000284e+01 8.350000000000000000e+01
9.917199999999999704e+01 8.315999999999999659e+01
9.918999999999999773e+01 8.310999999999999943e+01
9.912399999999999523e+01 8.376999999999999602e+01
9.919199999999999307e+01 8.367000000000000171e+01
9.917199999999999704e+01 8.360999999999999943e+01
9.931000000000000227e+01 8.406000000000000227e+01
9.927800000000000580e+01 8.370999999999999375e+01
9.926999999999999602e+01 8.375000000000000000e+01
9.926000000000000512e+01 8.360999999999999943e+01
9.925400000000000489e+01 8.371999999999999886e+01
9.926600000000000534e+01 8.393000000000000682e+01
9.933599999999999852e+01 8.378000000000000114e+01
9.929000000000000625e+01 8.340000000000000568e+01
9.925400000000000489e+01 8.373999999999999488e+01
9.930599999999999739e+01 8.379999999999999716e+01
