2.192200000000000060e+01 5.234000000000000341e+01
5.815599999999999881e+01 6.800000000000000000e+01
6.973600000000000421e+01 7.457999999999999829e+01
7.532800000000000296e+01 7.754999999999999716e+01
7.897599999999999909e+01 7.898000000000000398e+01
8.154200000000000159e+01 7.984999999999999432e+01
8.361400000000000432e+01 8.056999999999999318e+01
8.492400000000000659e+01 8.126999999999999602e+01
8.661199999999999477e+01 8.170000000000000284e+01
8.806199999999999761e+01 8.193999999999999773e+01
8.883400000000000318e+01 8.243000000000000682e+01
9.015999999999999659e+01 8.259999999999999432e+01
9.099599999999999511e+01 8.270000000000000284e+01
9.181799999999999784e+01 8.290999999999999659e+01
9.259799999999999898e+01 8.321999999999999886e+01
9.328600000000000136e+01 8.331999999999999318e+01
9.383599999999999852e+01 8.331999999999999318e+01
9.428799999999999670e+01 8.362999999999999545e+01
9.497199999999999420e+01 8.323000000000000398e+01
9.551000000000000512e+01 8.314000000000000057e+01
9.568399999999999750e+01 8.326999999999999602e+01
9.618200000000000216e+01 8.334000000000000341e+01
9.637000000000000455e+01 8.353000000000000114e+01
9.668000000000000682e+01 8.340999999999999659e+01
9.692400000000000659e+01 8.356999999999999318e+01
9.723799999999999955e+01 8.371999999999999886e+01
9.736400000000000432e+01 8.351999999999999602e+01
9.755200000000000671e+01 8.389000000000000057e+01
9.767600000000000193e+01 8.362999999999999545e+01
9.797599999999999909e+01 8.370999999999999375e+01
9.796599999999999397e+01 8.373999999999999488e+01
9.798000000000000398e+01 8.389000000000000057e+01
9.801600000000000534e+01 8.389000000000000057e+01
9.825799999999999557e+01 8.417000000000000171e+01
9.825400000000000489e+01 8.401999999999999602e+01
9.840000000000000568e+01 8.362999999999999545e+01
9.851000000000000512e+01 8.390999999999999659e+01
9.852400000000000091e+01 8.407999999999999829e+01
9.861199999999999477e+01 8.420999999999999375e+01
9.867600000000000193e+01 8.393999999999999773e+01
9.864000000000000057e+01 8.390000000000000568e+01
9.870600000000000307e+01 8.429999999999999716e+01
9.875000000000000000e+01 8.415000000000000568e+01
9.888400000000000034e+01 8.398000000000000398e+01
9.885599999999999454e+01 8.423999999999999488e+01
9.895799999999999841e+01 8.401000000000000512e+01
9.891400000000000148e+01 8.398999999999999488e+01
9.900199999999999534e+01 8.409999999999999432e+01
9.907800000000000296e+01 8.429999999999999716e+01
9.910800000000000409e+01 8.440000000000000568e+01
