3.938199999999999790e+01 6.984000000000000341e+01
7.292400000000000659e+01 7.829999999999999716e+01
8.000199999999999534e+01 8.107999999999999829e+01
8.416200000000000614e+01 8.240000000000000568e+01
8.700400000000000489e+01 8.307999999999999829e+01
8.902200000000000557e+01 8.370000000000000284e+01
9.064799999999999613e+01 8.381999999999999318e+01
9.201000000000000512e+01 8.453000000000000114e+01
9.297799999999999443e+01 8.445999999999999375e+01
9.389400000000000546e+01 8.457999999999999829e+01
9.487399999999999523e+01 8.468000000000000682e+01
9.535800000000000409e+01 8.464000000000000057e+01
9.590200000000000102e+01 8.485999999999999943e+01
9.649800000000000466e+01 8.520000000000000284e+01
9.671800000000000352e+01 8.487000000000000455e+01
9.715399999999999636e+01 8.479999999999999716e+01
9.739000000000000057e+01 8.471999999999999886e+01
9.764400000000000546e+01 8.496999999999999886e+01
9.773000000000000398e+01 8.507999999999999829e+01
9.785399999999999920e+01 8.537999999999999545e+01
9.795600000000000307e+01 8.501000000000000512e+01
9.820399999999999352e+01 8.484999999999999432e+01
9.831999999999999318e+01 8.534000000000000341e+01
9.852599999999999625e+01 8.548000000000000398e+01
9.862600000000000477e+01 8.534000000000000341e+01
9.870399999999999352e+01 8.532999999999999829e+01
9.869400000000000261e+01 8.548000000000000398e+01
9.878000000000000114e+01 8.575000000000000000e+01
9.881999999999999318e+01 8.548999999999999488e+01
9.884600000000000364e+01 8.568999999999999773e+01
9.890200000000000102e+01 8.553000000000000114e+01
9.895999999999999375e+01 8.526000000000000512e+01
9.900600000000000023e+01 8.548999999999999488e+01
9.907999999999999829e+01 8.543999999999999773e+01
9.895799999999999841e+01 8.534999999999999432e+01
9.910999999999999943e+01 8.520000000000000284e+01
9.909399999999999409e+01 8.518999999999999773e+01
9.915200000000000102e+01 8.553000000000000114e+01
9.909999999999999432e+01 8.507999999999999829e+01
9.926600000000000534e+01 8.528000000000000114e+01
9.928000000000000114e+01 8.548999999999999488e+01
9.926000000000000512e+01 8.529000000000000625e+01
9.927200000000000557e+01 8.568000000000000682e+01
9.933799999999999386e+01 8.546999999999999886e+01
9.925000000000000000e+01 8.537000000000000455e+01
9.933400000000000318e+01 8.584999999999999432e+01
9.930800000000000693e+01 8.565000000000000568e+01
9.937000000000000455e+01 8.550000000000000000e+01
9.937399999999999523e+01 8.543999999999999773e+01
9.941599999999999682e+01 8.550000000000000000e+01
