3.992999999999999972e+01 6.851000000000000512e+01
7.261199999999999477e+01 7.678000000000000114e+01
8.114199999999999591e+01 8.009000000000000341e+01
8.576800000000000068e+01 8.123999999999999488e+01
8.931399999999999295e+01 8.162999999999999545e+01
9.164000000000000057e+01 8.228000000000000114e+01
9.352200000000000557e+01 8.271999999999999886e+01
9.460599999999999454e+01 8.265999999999999659e+01
9.559399999999999409e+01 8.287000000000000455e+01
9.651200000000000045e+01 8.248999999999999488e+01
9.700199999999999534e+01 8.343999999999999773e+01
9.750400000000000489e+01 8.306999999999999318e+01
9.753600000000000136e+01 8.342000000000000171e+01
9.800000000000000000e+01 8.332999999999999829e+01
9.818200000000000216e+01 8.359999999999999432e+01
9.832200000000000273e+01 8.365000000000000568e+01
9.848799999999999955e+01 8.356999999999999318e+01
9.850199999999999534e+01 8.376999999999999602e+01
9.878199999999999648e+01 8.362000000000000455e+01
9.877599999999999625e+01 8.351999999999999602e+01
9.881399999999999295e+01 8.370000000000000284e+01
9.901200000000000045e+01 8.343999999999999773e+01
9.905800000000000693e+01 8.337999999999999545e+01
9.900199999999999534e+01 8.312000000000000455e+01
9.895399999999999352e+01 8.345999999999999375e+01
9.908599999999999852e+01 8.359999999999999432e+01
9.903400000000000603e+01 8.337000000000000455e+01
9.912000000000000455e+01 8.337999999999999545e+01
9.921200000000000330e+01 8.356000000000000227e+01
9.927800000000000580e+01 8.398000000000000398e+01
9.922199999999999420e+01 8.398000000000000398e+01
9.924599999999999511e+01 8.392000000000000171e+01
9.925000000000000000e+01 8.367000000000000171e+01
9.925000000000000000e+01 8.387999999999999545e+01
9.926399999999999579e+01 8.318000000000000682e+01
9.920799999999999841e+01 8.359000000000000341e+01
9.935200000000000387e+01 8.350000000000000000e+01
9.914600000000000080e+01 8.301999999999999602e+01
9.926600000000000534e+01 8.370000000000000284e+01
9.925199999999999534e+01 8.362000000000000455e+01
9.922199999999999420e+01 8.365999999999999659e+01
9.929800000000000182e+01 8.378000000000000114e+01
9.927400000000000091e+01 8.373999999999999488e+01
9.940000000000000568e+01 8.356000000000000227e+01
9.931799999999999784e+01 8.378000000000000114e+01
9.937000000000000455e+01 8.351999999999999602e+01
9.929600000000000648e+01 8.360999999999999943e+01
9.929399999999999693e+01 8.382999999999999829e+01
9.939000000000000057e+01 8.373999999999999488e+01
9.935599999999999454e+01 8.401999999999999602e+01
