5.450999999999999801e+01 7.220999999999999375e+01
7.491200000000000614e+01 7.781999999999999318e+01
8.107999999999999829e+01 8.012000000000000455e+01
8.458400000000000318e+01 8.131000000000000227e+01
8.731999999999999318e+01 8.201000000000000512e+01
8.954399999999999693e+01 8.240999999999999659e+01
9.118600000000000705e+01 8.268000000000000682e+01
9.277200000000000557e+01 8.287000000000000455e+01
9.382200000000000273e+01 8.270000000000000284e+01
9.473000000000000398e+01 8.318000000000000682e+01
9.548399999999999466e+01 8.309000000000000341e+01
9.607599999999999341e+01 8.248999999999999488e+01
9.648199999999999932e+01 8.301000000000000512e+01
9.688400000000000034e+01 8.320000000000000284e+01
9.702800000000000580e+01 8.290999999999999659e+01
9.725600000000000023e+01 8.318000000000000682e+01
9.755599999999999739e+01 8.285999999999999943e+01
9.773999999999999488e+01 8.320000000000000284e+01
9.785200000000000387e+01 8.276000000000000512e+01
9.795000000000000284e+01 8.350000000000000000e+01
9.806199999999999761e+01 8.343000000000000682e+01
9.819199999999999307e+01 8.376000000000000512e+01
9.834799999999999898e+01 8.329000000000000625e+01
9.838200000000000500e+01 8.295000000000000284e+01
9.834399999999999409e+01 8.301999999999999602e+01
9.853000000000000114e+01 8.271999999999999886e+01
9.851399999999999579e+01 8.318999999999999773e+01
9.857800000000000296e+01 8.331999999999999318e+01
9.865200000000000102e+01 8.312000000000000455e+01
9.869400000000000261e+01 8.334000000000000341e+01
9.868600000000000705e+01 8.306000000000000227e+01
9.872799999999999443e+01 8.309000000000000341e+01
9.877200000000000557e+01 8.317000000000000171e+01
9.874800000000000466e+01 8.326000000000000512e+01
9.878400000000000603e+01 8.318999999999999773e+01
9.884199999999999875e+01 8.282999999999999829e+01
9.884799999999999898e+01 8.315000000000000568e+01
9.879999999999999716e+01 8.312999999999999545e+01
9.891200000000000614e+01 8.329000000000000625e+01
9.876999999999999602e+01 8.300000000000000000e+01
9.898399999999999466e+01 8.329000000000000625e+01
9.897799999999999443e+01 8.303000000000000114e+01
9.894599999999999795e+01 8.312000000000000455e+01
9.893200000000000216e+01 8.335999999999999943e+01
9.890600000000000591e+01 8.350000000000000000e+01
9.893999999999999773e+01 8.379999999999999716e+01
9.903600000000000136e+01 8.290000000000000568e+01
9.893999999999999773e+01 8.331000000000000227e+01
9.900000000000000000e+01 8.343000000000000682e+01
9.901399999999999579e+01 8.348000000000000398e+01
