5.806799999999999784e+01 7.542000000000000171e+01
8.093200000000000216e+01 8.026999999999999602e+01
8.748799999999999955e+01 8.184000000000000341e+01
9.100400000000000489e+01 8.265999999999999659e+01
9.356999999999999318e+01 8.309000000000000341e+01
9.518600000000000705e+01 8.329999999999999716e+01
9.630200000000000671e+01 8.343999999999999773e+01
9.698799999999999955e+01 8.320999999999999375e+01
9.756600000000000250e+01 8.364000000000000057e+01
9.801000000000000512e+01 8.373000000000000398e+01
9.837800000000000011e+01 8.331000000000000227e+01
9.846200000000000330e+01 8.385999999999999943e+01
9.870199999999999818e+01 8.373999999999999488e+01
9.884999999999999432e+01 8.401999999999999602e+01
9.896200000000000330e+01 8.404000000000000625e+01
9.904000000000000625e+01 8.409000000000000341e+01
9.907599999999999341e+01 8.471999999999999886e+01
9.922199999999999420e+01 8.426999999999999602e+01
9.934600000000000364e+01 8.451000000000000512e+01
9.931199999999999761e+01 8.460999999999999943e+01
9.933400000000000318e+01 8.418000000000000682e+01
9.946800000000000352e+01 8.417000000000000171e+01
9.945199999999999818e+01 8.439000000000000057e+01
9.948999999999999488e+01 8.446999999999999886e+01
9.955400000000000205e+01 8.448999999999999488e+01
9.951399999999999579e+01 8.431000000000000227e+01
9.954600000000000648e+01 8.446999999999999886e+01
9.963800000000000523e+01 8.465999999999999659e+01
9.961199999999999477e+01 8.443000000000000682e+01
9.962399999999999523e+01 8.423000000000000398e+01
9.964199999999999591e+01 8.456999999999999318e+01
9.964799999999999613e+01 8.445000000000000284e+01
9.968600000000000705e+01 8.471999999999999886e+01
9.973799999999999955e+01 8.479000000000000625e+01
9.968999999999999773e+01 8.453000000000000114e+01
9.976200000000000045e+01 8.478000000000000114e+01
9.968999999999999773e+01 8.457999999999999829e+01
9.973999999999999488e+01 8.487000000000000455e+01
9.971200000000000330e+01 8.464000000000000057e+01
9.970199999999999818e+01 8.454999999999999716e+01
9.974599999999999511e+01 8.440000000000000568e+01
9.974200000000000443e+01 8.481000000000000227e+01
9.976800000000000068e+01 8.470999999999999375e+01
9.974200000000000443e+01 8.493999999999999773e+01
9.972799999999999443e+01 8.493000000000000682e+01
9.975000000000000000e+01 8.496999999999999886e+01
9.981000000000000227e+01 8.475000000000000000e+01
9.979800000000000182e+01 8.473999999999999488e+01
9.973600000000000421e+01 8.490000000000000568e+01
9.983799999999999386e+01 8.470000000000000284e+01
