8.257999999999999119e+00 3.039999999999999858e+01
3.691799999999999926e+01 5.210999999999999943e+01
5.536800000000000210e+01 6.295000000000000284e+01
6.344800000000000040e+01 6.879000000000000625e+01
6.829600000000000648e+01 7.150000000000000000e+01
7.126000000000000512e+01 7.365999999999999659e+01
7.380400000000000205e+01 7.540000000000000568e+01
7.552400000000000091e+01 7.650000000000000000e+01
7.715200000000000102e+01 7.718000000000000682e+01
7.853799999999999670e+01 7.835999999999999943e+01
7.974800000000000466e+01 7.890999999999999659e+01
8.067000000000000171e+01 7.937000000000000455e+01
8.170199999999999818e+01 7.979999999999999716e+01
8.255800000000000693e+01 8.031999999999999318e+01
8.349599999999999511e+01 8.053000000000000114e+01
8.398799999999999955e+01 8.075000000000000000e+01
8.463200000000000500e+01 8.121999999999999886e+01
8.523000000000000398e+01 8.151000000000000512e+01
8.576200000000000045e+01 8.176999999999999602e+01
8.646800000000000352e+01 8.206999999999999318e+01
8.714000000000000057e+01 8.214000000000000057e+01
8.742799999999999727e+01 8.240000000000000568e+01
8.792600000000000193e+01 8.235999999999999943e+01
8.839600000000000080e+01 8.279000000000000625e+01
8.888400000000000034e+01 8.281000000000000227e+01
8.925000000000000000e+01 8.290999999999999659e+01
8.966200000000000614e+01 8.271999999999999886e+01
8.995799999999999841e+01 8.292000000000000171e+01
9.018000000000000682e+01 8.309999999999999432e+01
9.077400000000000091e+01 8.329000000000000625e+01
9.101200000000000045e+01 8.343999999999999773e+01
9.130200000000000671e+01 8.312999999999999545e+01
9.147199999999999420e+01 8.306000000000000227e+01
9.184399999999999409e+01 8.304999999999999716e+01
9.214000000000000057e+01 8.340000000000000568e+01
9.247599999999999909e+01 8.329999999999999716e+01
9.282399999999999807e+01 8.331000000000000227e+01
9.303199999999999648e+01 8.356000000000000227e+01
9.328600000000000136e+01 8.354000000000000625e+01
9.355400000000000205e+01 8.370000000000000284e+01
9.365999999999999659e+01 8.368999999999999773e+01
9.385800000000000409e+01 8.376999999999999602e+01
9.408400000000000318e+01 8.362999999999999545e+01
9.419199999999999307e+01 8.346999999999999886e+01
9.444799999999999329e+01 8.376000000000000512e+01
9.470399999999999352e+01 8.335999999999999943e+01
9.473600000000000421e+01 8.375000000000000000e+01
9.497400000000000375e+01 8.367000000000000171e+01
9.510200000000000387e+01 8.404999999999999716e+01
9.528799999999999670e+01 8.406999999999999318e+01
