2.266400000000000148e+01 5.135999999999999943e+01
5.732399999999999807e+01 6.706999999999999318e+01
6.840999999999999659e+01 7.239000000000000057e+01
7.382399999999999807e+01 7.545000000000000284e+01
7.722400000000000375e+01 7.710999999999999943e+01
7.962800000000000011e+01 7.850000000000000000e+01
8.182599999999999341e+01 7.928000000000000114e+01
8.354999999999999716e+01 7.990000000000000568e+01
8.494799999999999329e+01 8.064000000000000057e+01
8.638200000000000500e+01 8.093000000000000682e+01
8.751200000000000045e+01 8.115000000000000568e+01
8.836199999999999477e+01 8.140000000000000568e+01
8.936400000000000432e+01 8.153000000000000114e+01
9.022599999999999909e+01 8.167000000000000171e+01
9.092600000000000193e+01 8.204000000000000625e+01
9.171399999999999864e+01 8.220999999999999375e+01
9.239400000000000546e+01 8.231000000000000227e+01
9.287199999999999989e+01 8.232999999999999829e+01
9.357200000000000273e+01 8.237999999999999545e+01
9.392000000000000171e+01 8.267000000000000171e+01
9.446800000000000352e+01 8.273000000000000398e+01
9.478199999999999648e+01 8.292000000000000171e+01
9.513800000000000523e+01 8.265999999999999659e+01
9.540999999999999659e+01 8.304000000000000625e+01
9.554000000000000625e+01 8.264000000000000057e+01
9.610200000000000387e+01 8.292000000000000171e+01
9.632800000000000296e+01 8.281000000000000227e+01
9.645199999999999818e+01 8.265000000000000568e+01
9.654000000000000625e+01 8.287000000000000455e+01
9.698000000000000398e+01 8.253000000000000114e+01
9.704399999999999693e+01 8.273000000000000398e+01
9.725199999999999534e+01 8.285999999999999943e+01
9.732200000000000273e+01 8.296999999999999886e+01
9.732399999999999807e+01 8.278000000000000114e+01
9.750400000000000489e+01 8.315000000000000568e+01
9.754999999999999716e+01 8.290999999999999659e+01
9.770999999999999375e+01 8.271999999999999886e+01
9.790800000000000125e+01 8.303000000000000114e+01
9.796200000000000330e+01 8.315000000000000568e+01
9.807200000000000273e+01 8.295000000000000284e+01
9.807800000000000296e+01 8.298999999999999488e+01
9.811400000000000432e+01 8.304999999999999716e+01
9.822400000000000375e+01 8.293999999999999773e+01
9.824800000000000466e+01 8.296999999999999886e+01
9.825000000000000000e+01 8.318999999999999773e+01
9.834999999999999432e+01 8.298000000000000398e+01
9.843200000000000216e+01 8.304000000000000625e+01
9.841400000000000148e+01 8.292000000000000171e+01
9.848000000000000398e+01 8.282999999999999829e+01
9.855400000000000205e+01 8.293999999999999773e+01
