8.287800000000000011e+01 9.229999999999999716e+01
9.326200000000000045e+01 9.420000000000000284e+01
9.532599999999999341e+01 9.479000000000000625e+01
9.647599999999999909e+01 9.506000000000000227e+01
9.733799999999999386e+01 9.540999999999999659e+01
9.778199999999999648e+01 9.562999999999999545e+01
9.805400000000000205e+01 9.579999999999999716e+01
9.840399999999999636e+01 9.559999999999999432e+01
9.850000000000000000e+01 9.575000000000000000e+01
9.869799999999999329e+01 9.565000000000000568e+01
9.895399999999999352e+01 9.590999999999999659e+01
9.891599999999999682e+01 9.575000000000000000e+01
9.899399999999999977e+01 9.606000000000000227e+01
9.912999999999999545e+01 9.598000000000000398e+01
9.925600000000000023e+01 9.600000000000000000e+01
9.930400000000000205e+01 9.601000000000000512e+01
9.933400000000000318e+01 9.593000000000000682e+01
9.936400000000000432e+01 9.548999999999999488e+01
9.933599999999999852e+01 9.590000000000000568e+01
9.944799999999999329e+01 9.612999999999999545e+01
9.943999999999999773e+01 9.614000000000000057e+01
9.950799999999999557e+01 9.598000000000000398e+01
9.947199999999999420e+01 9.593000000000000682e+01
9.953799999999999670e+01 9.609000000000000341e+01
9.952800000000000580e+01 9.623000000000000398e+01
9.956999999999999318e+01 9.618000000000000682e+01
9.959199999999999875e+01 9.598000000000000398e+01
9.951200000000000045e+01 9.598999999999999488e+01
9.956399999999999295e+01 9.590999999999999659e+01
9.966200000000000614e+01 9.626999999999999602e+01
9.966400000000000148e+01 9.604999999999999716e+01
9.962800000000000011e+01 9.606999999999999318e+01
9.967799999999999727e+01 9.620999999999999375e+01
9.970999999999999375e+01 9.618999999999999773e+01
9.971800000000000352e+01 9.626999999999999602e+01
9.969799999999999329e+01 9.653000000000000114e+01
9.977200000000000557e+01 9.634000000000000341e+01
9.971399999999999864e+01 9.657999999999999829e+01
9.973399999999999466e+01 9.651000000000000512e+01
9.974800000000000466e+01 9.631999999999999318e+01
9.970399999999999352e+01 9.615999999999999659e+01
9.977200000000000557e+01 9.640999999999999659e+01
9.964199999999999591e+01 9.601000000000000512e+01
9.967000000000000171e+01 9.604000000000000625e+01
9.975000000000000000e+01 9.614000000000000057e+01
9.972199999999999420e+01 9.578000000000000114e+01
9.975400000000000489e+01 9.623999999999999488e+01
9.978199999999999648e+01 9.645000000000000284e+01
9.981000000000000227e+01 9.606000000000000227e+01
9.974200000000000443e+01 9.626000000000000512e+01
