3.878999999999999915e+01 6.715000000000000568e+01
6.944400000000000261e+01 7.487000000000000455e+01
7.681600000000000250e+01 7.826999999999999602e+01
8.074599999999999511e+01 7.973999999999999488e+01
8.395399999999999352e+01 8.059999999999999432e+01
8.621200000000000330e+01 8.085999999999999943e+01
8.813200000000000500e+01 8.118999999999999773e+01
8.939199999999999591e+01 8.215999999999999659e+01
9.067799999999999727e+01 8.190000000000000568e+01
9.184000000000000341e+01 8.206000000000000227e+01
9.280599999999999739e+01 8.193999999999999773e+01
9.371999999999999886e+01 8.250000000000000000e+01
9.425199999999999534e+01 8.231000000000000227e+01
9.477599999999999625e+01 8.215000000000000568e+01
9.510999999999999943e+01 8.276999999999999602e+01
9.579600000000000648e+01 8.242000000000000171e+01
9.631399999999999295e+01 8.260999999999999943e+01
9.635800000000000409e+01 8.240999999999999659e+01
9.664400000000000546e+01 8.243000000000000682e+01
9.709999999999999432e+01 8.293000000000000682e+01
9.712600000000000477e+01 8.278000000000000114e+01
9.744799999999999329e+01 8.279000000000000625e+01
9.754000000000000625e+01 8.248000000000000398e+01
9.765200000000000102e+01 8.273000000000000398e+01
9.776200000000000045e+01 8.259000000000000341e+01
9.787000000000000455e+01 8.284000000000000341e+01
9.798000000000000398e+01 8.285999999999999943e+01
9.808799999999999386e+01 8.343999999999999773e+01
9.823799999999999955e+01 8.325000000000000000e+01
9.823999999999999488e+01 8.296999999999999886e+01
9.833799999999999386e+01 8.337000000000000455e+01
9.841800000000000637e+01 8.287999999999999545e+01
9.835399999999999920e+01 8.304000000000000625e+01
9.852800000000000580e+01 8.312999999999999545e+01
9.841599999999999682e+01 8.320999999999999375e+01
9.874599999999999511e+01 8.321999999999999886e+01
9.867799999999999727e+01 8.315000000000000568e+01
9.876399999999999579e+01 8.303000000000000114e+01
9.869400000000000261e+01 8.315000000000000568e+01
9.871999999999999886e+01 8.337999999999999545e+01
9.880800000000000693e+01 8.307999999999999829e+01
9.888400000000000034e+01 8.348000000000000398e+01
9.885999999999999943e+01 8.315999999999999659e+01
9.893600000000000705e+01 8.334999999999999432e+01
9.896800000000000352e+01 8.370999999999999375e+01
9.889199999999999591e+01 8.284999999999999432e+01
9.887399999999999523e+01 8.295999999999999375e+01
9.896200000000000330e+01 8.303000000000000114e+01
9.897199999999999420e+01 8.315000000000000568e+01
9.904999999999999716e+01 8.312000000000000455e+01
