7.910800000000000409e+01 9.145000000000000284e+01
9.244400000000000261e+01 9.387999999999999545e+01
9.459399999999999409e+01 9.410999999999999943e+01
9.605800000000000693e+01 9.506000000000000227e+01
9.681799999999999784e+01 9.543999999999999773e+01
9.741800000000000637e+01 9.529000000000000625e+01
9.788800000000000523e+01 9.556000000000000227e+01
9.817199999999999704e+01 9.540000000000000568e+01
9.841800000000000637e+01 9.585999999999999943e+01
9.864000000000000057e+01 9.562000000000000455e+01
9.884999999999999432e+01 9.554000000000000625e+01
9.890999999999999659e+01 9.589000000000000057e+01
9.904999999999999716e+01 9.521999999999999886e+01
9.904000000000000625e+01 9.554000000000000625e+01
9.919799999999999329e+01 9.579999999999999716e+01
9.919799999999999329e+01 9.585999999999999943e+01
9.924800000000000466e+01 9.585999999999999943e+01
9.933599999999999852e+01 9.609999999999999432e+01
9.934199999999999875e+01 9.615999999999999659e+01
9.937600000000000477e+01 9.585999999999999943e+01
9.943399999999999750e+01 9.596999999999999886e+01
9.940000000000000568e+01 9.573000000000000398e+01
9.942199999999999704e+01 9.604999999999999716e+01
9.940000000000000568e+01 9.570000000000000284e+01
9.954600000000000648e+01 9.582999999999999829e+01
9.958599999999999852e+01 9.590000000000000568e+01
9.959000000000000341e+01 9.606999999999999318e+01
9.962600000000000477e+01 9.598999999999999488e+01
9.962399999999999523e+01 9.607999999999999829e+01
9.963400000000000034e+01 9.603000000000000114e+01
9.965999999999999659e+01 9.601999999999999602e+01
9.967799999999999727e+01 9.615000000000000568e+01
9.959199999999999875e+01 9.626000000000000512e+01
9.963599999999999568e+01 9.615000000000000568e+01
9.959799999999999898e+01 9.600000000000000000e+01
9.962600000000000477e+01 9.606000000000000227e+01
9.971999999999999886e+01 9.584999999999999432e+01
9.963200000000000500e+01 9.610999999999999943e+01
9.971999999999999886e+01 9.614000000000000057e+01
9.968200000000000216e+01 9.623000000000000398e+01
9.973000000000000398e+01 9.631999999999999318e+01
9.973799999999999955e+01 9.609000000000000341e+01
9.976399999999999579e+01 9.593000000000000682e+01
9.969199999999999307e+01 9.629999999999999716e+01
9.970999999999999375e+01 9.623000000000000398e+01
9.969400000000000261e+01 9.632999999999999829e+01
9.973999999999999488e+01 9.640999999999999659e+01
9.974800000000000466e+01 9.629000000000000625e+01
9.968399999999999750e+01 9.626000000000000512e+01
9.976399999999999579e+01 9.640999999999999659e+01
