5.181799999999999784e+01 7.179999999999999716e+01
7.470600000000000307e+01 7.795000000000000284e+01
8.186400000000000432e+01 8.029999999999999716e+01
8.651999999999999602e+01 8.121999999999999886e+01
8.961400000000000432e+01 8.173999999999999488e+01
9.177400000000000091e+01 8.248000000000000398e+01
9.337000000000000455e+01 8.279999999999999716e+01
9.464600000000000080e+01 8.309000000000000341e+01
9.559399999999999409e+01 8.285999999999999943e+01
9.627800000000000580e+01 8.279999999999999716e+01
9.678199999999999648e+01 8.271999999999999886e+01
9.696800000000000352e+01 8.312000000000000455e+01
9.748000000000000398e+01 8.301999999999999602e+01
9.767199999999999704e+01 8.292000000000000171e+01
9.786799999999999500e+01 8.276000000000000512e+01
9.793600000000000705e+01 8.321999999999999886e+01
9.809399999999999409e+01 8.328000000000000114e+01
9.818600000000000705e+01 8.287999999999999545e+01
9.827800000000000580e+01 8.309000000000000341e+01
9.835599999999999454e+01 8.273999999999999488e+01
9.843000000000000682e+01 8.314000000000000057e+01
9.845399999999999352e+01 8.309999999999999432e+01
9.854200000000000159e+01 8.362999999999999545e+01
9.867799999999999727e+01 8.289000000000000057e+01
9.851999999999999602e+01 8.307999999999999829e+01
9.870199999999999818e+01 8.321999999999999886e+01
9.876399999999999579e+01 8.289000000000000057e+01
9.876000000000000512e+01 8.351000000000000512e+01
9.876800000000000068e+01 8.278000000000000114e+01
9.877800000000000580e+01 8.362999999999999545e+01
9.878400000000000603e+01 8.364000000000000057e+01
9.876600000000000534e+01 8.340000000000000568e+01
9.880599999999999739e+01 8.329999999999999716e+01
9.887800000000000011e+01 8.332999999999999829e+01
9.884000000000000341e+01 8.321999999999999886e+01
9.888200000000000500e+01 8.275000000000000000e+01
9.892000000000000171e+01 8.323000000000000398e+01
9.886199999999999477e+01 8.325000000000000000e+01
9.893000000000000682e+01 8.332999999999999829e+01
9.890600000000000591e+01 8.351999999999999602e+01
9.890000000000000568e+01 8.306000000000000227e+01
9.891400000000000148e+01 8.353000000000000114e+01
9.888200000000000500e+01 8.318000000000000682e+01
9.898199999999999932e+01 8.348000000000000398e+01
9.903400000000000603e+01 8.289000000000000057e+01
9.899399999999999977e+01 8.334999999999999432e+01
9.891599999999999682e+01 8.315000000000000568e+01
9.897799999999999443e+01 8.259000000000000341e+01
9.900400000000000489e+01 8.329999999999999716e+01
9.894199999999999307e+01 8.326000000000000512e+01
