3.022800000000000153e+01 6.203000000000000114e+01
6.342399999999999949e+01 7.223999999999999488e+01
7.144599999999999795e+01 7.576000000000000512e+01
7.615999999999999659e+01 7.845000000000000284e+01
7.894599999999999795e+01 7.962999999999999545e+01
8.147599999999999909e+01 8.104999999999999716e+01
8.364799999999999613e+01 8.129999999999999716e+01
8.507800000000000296e+01 8.206999999999999318e+01
8.665000000000000568e+01 8.279999999999999716e+01
8.789799999999999613e+01 8.317000000000000171e+01
8.919199999999999307e+01 8.303000000000000114e+01
9.041200000000000614e+01 8.320000000000000284e+01
9.120999999999999375e+01 8.357999999999999829e+01
9.200000000000000000e+01 8.381999999999999318e+01
9.274200000000000443e+01 8.404999999999999716e+01
9.347199999999999420e+01 8.418999999999999773e+01
9.412399999999999523e+01 8.418999999999999773e+01
9.465000000000000568e+01 8.412999999999999545e+01
9.512800000000000011e+01 8.406000000000000227e+01
9.564199999999999591e+01 8.434999999999999432e+01
9.595399999999999352e+01 8.454999999999999716e+01
9.634799999999999898e+01 8.429999999999999716e+01
9.642799999999999727e+01 8.442000000000000171e+01
9.696800000000000352e+01 8.437000000000000455e+01
9.701600000000000534e+01 8.434000000000000341e+01
9.723999999999999488e+01 8.451000000000000512e+01
9.738599999999999568e+01 8.465000000000000568e+01
9.750799999999999557e+01 8.446999999999999886e+01
9.754600000000000648e+01 8.429999999999999716e+01
9.778000000000000114e+01 8.429000000000000625e+01
9.787600000000000477e+01 8.467000000000000171e+01
9.809600000000000364e+01 8.459000000000000341e+01
9.812800000000000011e+01 8.459999999999999432e+01
9.836599999999999966e+01 8.460999999999999943e+01
9.829800000000000182e+01 8.457999999999999829e+01
9.839799999999999613e+01 8.435999999999999943e+01
9.846800000000000352e+01 8.456000000000000227e+01
9.846200000000000330e+01 8.437000000000000455e+01
9.850400000000000489e+01 8.451000000000000512e+01
9.849200000000000443e+01 8.456000000000000227e+01
9.857399999999999807e+01 8.418999999999999773e+01
9.866800000000000637e+01 8.440999999999999659e+01
9.870199999999999818e+01 8.462000000000000455e+01
9.875799999999999557e+01 8.479000000000000625e+01
9.881799999999999784e+01 8.484999999999999432e+01
9.873000000000000398e+01 8.429000000000000625e+01
9.875799999999999557e+01 8.445999999999999375e+01
9.884600000000000364e+01 8.435999999999999943e+01
9.881600000000000250e+01 8.459999999999999432e+01
9.880599999999999739e+01 8.456000000000000227e+01
