1.242999999999999972e+01 4.410999999999999943e+01
5.382399999999999807e+01 6.770000000000000284e+01
6.890800000000000125e+01 7.470000000000000284e+01
7.506399999999999295e+01 7.776999999999999602e+01
7.895199999999999818e+01 7.975000000000000000e+01
8.156799999999999784e+01 8.062999999999999545e+01
8.386599999999999966e+01 8.171999999999999886e+01
8.573999999999999488e+01 8.243000000000000682e+01
8.717600000000000193e+01 8.304000000000000625e+01
8.871399999999999864e+01 8.315000000000000568e+01
8.965800000000000125e+01 8.328000000000000114e+01
9.080599999999999739e+01 8.384999999999999432e+01
9.172400000000000375e+01 8.364000000000000057e+01
9.245399999999999352e+01 8.400000000000000000e+01
9.330400000000000205e+01 8.450000000000000000e+01
9.390000000000000568e+01 8.429999999999999716e+01
9.449200000000000443e+01 8.450000000000000000e+01
9.494799999999999329e+01 8.434999999999999432e+01
9.544199999999999307e+01 8.467000000000000171e+01
9.580200000000000671e+01 8.456999999999999318e+01
9.625600000000000023e+01 8.473000000000000398e+01
9.646599999999999397e+01 8.487000000000000455e+01
9.678199999999999648e+01 8.467000000000000171e+01
9.704999999999999716e+01 8.476000000000000512e+01
9.734199999999999875e+01 8.500000000000000000e+01
9.739199999999999591e+01 8.509999999999999432e+01
9.765200000000000102e+01 8.456000000000000227e+01
9.779399999999999693e+01 8.479999999999999716e+01
9.787399999999999523e+01 8.481000000000000227e+01
9.813200000000000500e+01 8.507999999999999829e+01
9.811400000000000432e+01 8.473999999999999488e+01
9.829800000000000182e+01 8.515000000000000568e+01
9.840000000000000568e+01 8.490000000000000568e+01
9.855800000000000693e+01 8.509000000000000341e+01
9.852599999999999625e+01 8.490999999999999659e+01
9.863599999999999568e+01 8.500000000000000000e+01
9.868999999999999773e+01 8.506999999999999318e+01
9.869799999999999329e+01 8.490999999999999659e+01
9.877400000000000091e+01 8.501000000000000512e+01
9.882999999999999829e+01 8.504999999999999716e+01
9.880800000000000693e+01 8.490000000000000568e+01
9.896599999999999397e+01 8.498000000000000398e+01
9.898199999999999932e+01 8.473999999999999488e+01
9.901999999999999602e+01 8.490000000000000568e+01
9.903799999999999670e+01 8.506999999999999318e+01
9.906000000000000227e+01 8.507999999999999829e+01
9.909799999999999898e+01 8.503000000000000114e+01
9.908599999999999852e+01 8.545000000000000284e+01
9.910399999999999920e+01 8.532999999999999829e+01
9.922599999999999909e+01 8.506000000000000227e+01
