1.182799999999999940e+01 3.650000000000000000e+01
4.242999999999999972e+01 5.593999999999999773e+01
5.768800000000000239e+01 6.487000000000000455e+01
6.451999999999999602e+01 6.881000000000000227e+01
6.858599999999999852e+01 7.165000000000000568e+01
7.113800000000000523e+01 7.321999999999999886e+01
7.314799999999999613e+01 7.481000000000000227e+01
7.487600000000000477e+01 7.562999999999999545e+01
7.616400000000000148e+01 7.759000000000000341e+01
7.760200000000000387e+01 7.825000000000000000e+01
7.879800000000000182e+01 7.848000000000000398e+01
7.970799999999999841e+01 7.884000000000000341e+01
8.042400000000000659e+01 7.920000000000000284e+01
8.096200000000000330e+01 7.953000000000000114e+01
8.210800000000000409e+01 7.996999999999999886e+01
8.276999999999999602e+01 8.007999999999999829e+01
8.357800000000000296e+01 8.085999999999999943e+01
8.400600000000000023e+01 8.065000000000000568e+01
8.440000000000000568e+01 8.112000000000000455e+01
8.501800000000000068e+01 8.117000000000000171e+01
8.567400000000000659e+01 8.112000000000000455e+01
8.607800000000000296e+01 8.139000000000000057e+01
8.664600000000000080e+01 8.165000000000000568e+01
8.692799999999999727e+01 8.187000000000000455e+01
8.717799999999999727e+01 8.206999999999999318e+01
8.781799999999999784e+01 8.203000000000000114e+01
8.803600000000000136e+01 8.168000000000000682e+01
8.841200000000000614e+01 8.254999999999999716e+01
8.887000000000000455e+01 8.231000000000000227e+01
8.904399999999999693e+01 8.223000000000000398e+01
8.968200000000000216e+01 8.204999999999999716e+01
8.966200000000000614e+01 8.251000000000000512e+01
9.010800000000000409e+01 8.253000000000000114e+01
9.060599999999999454e+01 8.259999999999999432e+01
9.056799999999999784e+01 8.270999999999999375e+01
9.083199999999999363e+01 8.284000000000000341e+01
9.131799999999999784e+01 8.287000000000000455e+01
9.138599999999999568e+01 8.298999999999999488e+01
9.163200000000000500e+01 8.298000000000000398e+01
9.180200000000000671e+01 8.301000000000000512e+01
9.200400000000000489e+01 8.314000000000000057e+01
9.242199999999999704e+01 8.321999999999999886e+01
9.265800000000000125e+01 8.306999999999999318e+01
9.278600000000000136e+01 8.312999999999999545e+01
9.277599999999999625e+01 8.320999999999999375e+01
9.308199999999999363e+01 8.292000000000000171e+01
9.328400000000000603e+01 8.314000000000000057e+01
9.353000000000000114e+01 8.317000000000000171e+01
9.353400000000000603e+01 8.359000000000000341e+01
9.389799999999999613e+01 8.337000000000000455e+01
