8.677400000000000091e+01 9.351000000000000512e+01
9.478600000000000136e+01 9.479999999999999716e+01
9.642799999999999727e+01 9.523000000000000398e+01
9.751800000000000068e+01 9.554000000000000625e+01
9.798799999999999955e+01 9.528000000000000114e+01
9.841599999999999682e+01 9.528000000000000114e+01
9.872400000000000375e+01 9.559000000000000341e+01
9.889799999999999613e+01 9.562000000000000455e+01
9.910599999999999454e+01 9.551000000000000512e+01
9.916400000000000148e+01 9.584999999999999432e+01
9.926000000000000512e+01 9.573999999999999488e+01
9.934999999999999432e+01 9.562000000000000455e+01
9.931399999999999295e+01 9.584000000000000341e+01
9.937399999999999523e+01 9.575000000000000000e+01
9.940600000000000591e+01 9.548999999999999488e+01
9.955400000000000205e+01 9.596999999999999886e+01
9.952200000000000557e+01 9.581999999999999318e+01
9.956799999999999784e+01 9.579999999999999716e+01
9.956999999999999318e+01 9.585999999999999943e+01
9.962199999999999989e+01 9.595000000000000284e+01
9.961599999999999966e+01 9.606999999999999318e+01
9.966200000000000614e+01 9.609999999999999432e+01
9.966599999999999682e+01 9.601999999999999602e+01
9.973999999999999488e+01 9.592000000000000171e+01
9.973000000000000398e+01 9.603000000000000114e+01
9.978199999999999648e+01 9.615999999999999659e+01
9.973000000000000398e+01 9.612000000000000455e+01
9.974800000000000466e+01 9.610999999999999943e+01
9.976800000000000068e+01 9.607999999999999829e+01
9.977400000000000091e+01 9.604000000000000625e+01
9.980800000000000693e+01 9.628000000000000114e+01
9.976800000000000068e+01 9.617000000000000171e+01
9.978000000000000114e+01 9.623000000000000398e+01
9.979399999999999693e+01 9.615000000000000568e+01
9.980200000000000671e+01 9.621999999999999886e+01
9.980400000000000205e+01 9.609000000000000341e+01
9.978600000000000136e+01 9.612999999999999545e+01
9.980599999999999739e+01 9.609999999999999432e+01
9.983199999999999363e+01 9.629999999999999716e+01
9.987000000000000455e+01 9.639000000000000057e+01
9.981000000000000227e+01 9.606000000000000227e+01
9.985200000000000387e+01 9.634999999999999432e+01
9.987000000000000455e+01 9.592000000000000171e+01
9.984600000000000364e+01 9.606000000000000227e+01
9.985399999999999920e+01 9.614000000000000057e+01
9.986599999999999966e+01 9.626000000000000512e+01
9.986400000000000432e+01 9.639000000000000057e+01
9.988400000000000034e+01 9.635999999999999943e+01
9.983599999999999852e+01 9.621999999999999886e+01
9.986599999999999966e+01 9.620000000000000284e+01
