1.393200000000000038e+01 4.450000000000000000e+01
4.990800000000000125e+01 6.334000000000000341e+01
6.195799999999999841e+01 6.920000000000000284e+01
6.719400000000000261e+01 7.237000000000000455e+01
7.059199999999999875e+01 7.404000000000000625e+01
7.311199999999999477e+01 7.589000000000000057e+01
7.524200000000000443e+01 7.735999999999999943e+01
7.717000000000000171e+01 7.840000000000000568e+01
7.889400000000000546e+01 7.906000000000000227e+01
7.999399999999999977e+01 7.973000000000000398e+01
8.124399999999999977e+01 8.040999999999999659e+01
8.239400000000000546e+01 8.132999999999999829e+01
8.382399999999999807e+01 8.187000000000000455e+01
8.448000000000000398e+01 8.221999999999999886e+01
8.565999999999999659e+01 8.225000000000000000e+01
8.656600000000000250e+01 8.271999999999999886e+01
8.719199999999999307e+01 8.287999999999999545e+01
8.797400000000000375e+01 8.309000000000000341e+01
8.874800000000000466e+01 8.342000000000000171e+01
8.948799999999999955e+01 8.356000000000000227e+01
8.998000000000000398e+01 8.354000000000000625e+01
9.057999999999999829e+01 8.381999999999999318e+01
9.118999999999999773e+01 8.403000000000000114e+01
9.153600000000000136e+01 8.404999999999999716e+01
9.226800000000000068e+01 8.429999999999999716e+01
9.263200000000000500e+01 8.440999999999999659e+01
9.312999999999999545e+01 8.445999999999999375e+01
9.358400000000000318e+01 8.437999999999999545e+01
9.394599999999999795e+01 8.448000000000000398e+01
9.421800000000000352e+01 8.450000000000000000e+01
9.459799999999999898e+01 8.443000000000000682e+01
9.486799999999999500e+01 8.451000000000000512e+01
9.529399999999999693e+01 8.492000000000000171e+01
9.545799999999999841e+01 8.471999999999999886e+01
9.582800000000000296e+01 8.464000000000000057e+01
9.593000000000000682e+01 8.509999999999999432e+01
9.619599999999999795e+01 8.500000000000000000e+01
9.637399999999999523e+01 8.482999999999999829e+01
9.667600000000000193e+01 8.476999999999999602e+01
9.681399999999999295e+01 8.484999999999999432e+01
9.687800000000000011e+01 8.495999999999999375e+01
9.704999999999999716e+01 8.476999999999999602e+01
9.732800000000000296e+01 8.487000000000000455e+01
9.731199999999999761e+01 8.506999999999999318e+01
9.742799999999999727e+01 8.510999999999999943e+01
9.756399999999999295e+01 8.521999999999999886e+01
9.773199999999999932e+01 8.481999999999999318e+01
9.771800000000000352e+01 8.481000000000000227e+01
9.787800000000000011e+01 8.498000000000000398e+01
9.802599999999999625e+01 8.495999999999999375e+01
