2.440399999999999991e+01 5.215999999999999659e+01
5.976200000000000045e+01 7.023999999999999488e+01
7.245199999999999818e+01 7.573999999999999488e+01
7.826800000000000068e+01 7.851999999999999602e+01
8.236400000000000432e+01 8.001999999999999602e+01
8.534000000000000341e+01 8.081000000000000227e+01
8.769799999999999329e+01 8.143999999999999773e+01
8.970999999999999375e+01 8.154000000000000625e+01
9.133400000000000318e+01 8.201999999999999602e+01
9.271999999999999886e+01 8.214000000000000057e+01
9.379000000000000625e+01 8.237000000000000455e+01
9.462199999999999989e+01 8.295000000000000284e+01
9.560399999999999920e+01 8.292000000000000171e+01
9.618999999999999773e+01 8.298000000000000398e+01
9.651600000000000534e+01 8.304999999999999716e+01
9.706199999999999761e+01 8.342000000000000171e+01
9.735999999999999943e+01 8.345999999999999375e+01
9.754999999999999716e+01 8.332999999999999829e+01
9.775199999999999534e+01 8.337999999999999545e+01
9.804000000000000625e+01 8.323000000000000398e+01
9.813200000000000500e+01 8.387000000000000455e+01
9.825199999999999534e+01 8.376000000000000512e+01
9.842799999999999727e+01 8.343999999999999773e+01
9.850799999999999557e+01 8.365000000000000568e+01
9.856999999999999318e+01 8.371999999999999886e+01
9.874800000000000466e+01 8.368000000000000682e+01
9.875799999999999557e+01 8.353000000000000114e+01
9.873199999999999932e+01 8.392000000000000171e+01
9.880400000000000205e+01 8.387000000000000455e+01
9.899399999999999977e+01 8.389000000000000057e+01
9.886199999999999477e+01 8.340999999999999659e+01
9.895000000000000284e+01 8.346999999999999886e+01
9.900400000000000489e+01 8.362999999999999545e+01
9.901000000000000512e+01 8.381999999999999318e+01
9.903799999999999670e+01 8.387999999999999545e+01
9.906600000000000250e+01 8.354999999999999716e+01
9.907999999999999829e+01 8.395000000000000284e+01
9.907999999999999829e+01 8.370999999999999375e+01
9.910800000000000409e+01 8.360999999999999943e+01
9.906399999999999295e+01 8.373000000000000398e+01
9.920000000000000284e+01 8.376000000000000512e+01
9.924200000000000443e+01 8.354999999999999716e+01
9.916800000000000637e+01 8.303000000000000114e+01
9.918399999999999750e+01 8.381000000000000227e+01
9.922599999999999909e+01 8.368999999999999773e+01
9.924200000000000443e+01 8.390999999999999659e+01
9.930800000000000693e+01 8.373999999999999488e+01
9.925400000000000489e+01 8.359999999999999432e+01
9.925199999999999534e+01 8.429000000000000625e+01
9.930599999999999739e+01 8.329000000000000625e+01
