7.816400000000000148e+01 9.118000000000000682e+01
9.247400000000000375e+01 9.398999999999999488e+01
9.492400000000000659e+01 9.432999999999999829e+01
9.605200000000000671e+01 9.446999999999999886e+01
9.687999999999999545e+01 9.529999999999999716e+01
9.750600000000000023e+01 9.509999999999999432e+01
9.781600000000000250e+01 9.506000000000000227e+01
9.832999999999999829e+01 9.518999999999999773e+01
9.852200000000000557e+01 9.537999999999999545e+01
9.874399999999999977e+01 9.554000000000000625e+01
9.891400000000000148e+01 9.554999999999999716e+01
9.904600000000000648e+01 9.551999999999999602e+01
9.913800000000000523e+01 9.571999999999999886e+01
9.911599999999999966e+01 9.581999999999999318e+01
9.925400000000000489e+01 9.553000000000000114e+01
9.925600000000000023e+01 9.584000000000000341e+01
9.927800000000000580e+01 9.578000000000000114e+01
9.934600000000000364e+01 9.587999999999999545e+01
9.941200000000000614e+01 9.598999999999999488e+01
9.940999999999999659e+01 9.579000000000000625e+01
9.954999999999999716e+01 9.568000000000000682e+01
9.950199999999999534e+01 9.582999999999999829e+01
9.951600000000000534e+01 9.581000000000000227e+01
9.955800000000000693e+01 9.576999999999999602e+01
9.952400000000000091e+01 9.556999999999999318e+01
9.960999999999999943e+01 9.571999999999999886e+01
9.962600000000000477e+01 9.582999999999999829e+01
9.962000000000000455e+01 9.567000000000000171e+01
9.967400000000000659e+01 9.587999999999999545e+01
9.964199999999999591e+01 9.587999999999999545e+01
9.962199999999999989e+01 9.606000000000000227e+01
9.968800000000000239e+01 9.609000000000000341e+01
9.965000000000000568e+01 9.598999999999999488e+01
9.968000000000000682e+01 9.582999999999999829e+01
9.965200000000000102e+01 9.570999999999999375e+01
9.971599999999999397e+01 9.579000000000000625e+01
9.968800000000000239e+01 9.596999999999999886e+01
9.970799999999999841e+01 9.604999999999999716e+01
9.970000000000000284e+01 9.617000000000000171e+01
9.971399999999999864e+01 9.615000000000000568e+01
9.975199999999999534e+01 9.607999999999999829e+01
9.968999999999999773e+01 9.584999999999999432e+01
9.971399999999999864e+01 9.601000000000000512e+01
9.973399999999999466e+01 9.603000000000000114e+01
9.971399999999999864e+01 9.587999999999999545e+01
9.972199999999999420e+01 9.576000000000000512e+01
9.973799999999999955e+01 9.576999999999999602e+01
9.970999999999999375e+01 9.592000000000000171e+01
9.974800000000000466e+01 9.604999999999999716e+01
9.976800000000000068e+01 9.607999999999999829e+01
