3.934000000000000341e+01 6.781000000000000227e+01
7.258599999999999852e+01 7.662000000000000455e+01
8.100199999999999534e+01 7.939000000000000057e+01
8.548600000000000421e+01 8.104000000000000625e+01
8.854399999999999693e+01 8.220000000000000284e+01
9.093800000000000239e+01 8.212000000000000455e+01
9.298799999999999955e+01 8.243000000000000682e+01
9.426399999999999579e+01 8.281999999999999318e+01
9.531799999999999784e+01 8.298000000000000398e+01
9.590999999999999659e+01 8.329000000000000625e+01
9.676600000000000534e+01 8.253000000000000114e+01
9.698199999999999932e+01 8.289000000000000057e+01
9.748399999999999466e+01 8.351000000000000512e+01
9.790000000000000568e+01 8.315000000000000568e+01
9.795600000000000307e+01 8.337999999999999545e+01
9.818399999999999750e+01 8.329999999999999716e+01
9.837199999999999989e+01 8.332999999999999829e+01
9.850600000000000023e+01 8.376999999999999602e+01
9.870799999999999841e+01 8.343999999999999773e+01
9.878199999999999648e+01 8.340000000000000568e+01
9.884799999999999898e+01 8.343999999999999773e+01
9.889199999999999591e+01 8.364000000000000057e+01
9.902800000000000580e+01 8.390999999999999659e+01
9.909399999999999409e+01 8.384000000000000341e+01
9.905200000000000671e+01 8.357999999999999829e+01
9.917199999999999704e+01 8.326000000000000512e+01
9.922400000000000375e+01 8.393999999999999773e+01
9.924800000000000466e+01 8.398999999999999488e+01
9.923199999999999932e+01 8.385999999999999943e+01
9.932999999999999829e+01 8.392000000000000171e+01
9.935999999999999943e+01 8.420999999999999375e+01
9.939400000000000546e+01 8.385999999999999943e+01
9.938599999999999568e+01 8.404999999999999716e+01
9.944199999999999307e+01 8.410999999999999943e+01
9.954200000000000159e+01 8.426999999999999602e+01
9.948399999999999466e+01 8.381999999999999318e+01
9.955800000000000693e+01 8.393000000000000682e+01
9.956399999999999295e+01 8.395999999999999375e+01
9.951600000000000534e+01 8.370999999999999375e+01
9.953199999999999648e+01 8.384999999999999432e+01
9.947400000000000375e+01 8.400000000000000000e+01
9.962199999999999989e+01 8.406000000000000227e+01
9.955800000000000693e+01 8.423999999999999488e+01
9.958599999999999852e+01 8.398000000000000398e+01
9.957999999999999829e+01 8.401999999999999602e+01
9.954800000000000182e+01 8.393000000000000682e+01
9.954200000000000159e+01 8.423999999999999488e+01
9.964400000000000546e+01 8.439000000000000057e+01
9.966200000000000614e+01 8.426000000000000512e+01
9.956399999999999295e+01 8.417000000000000171e+01
