3.892199999999999704e+01 6.704000000000000625e+01
7.000600000000000023e+01 7.481000000000000227e+01
7.745000000000000284e+01 7.826000000000000512e+01
8.163200000000000500e+01 8.006000000000000227e+01
8.431399999999999295e+01 8.065999999999999659e+01
8.642600000000000193e+01 8.067000000000000171e+01
8.806399999999999295e+01 8.118999999999999773e+01
8.966599999999999682e+01 8.142000000000000171e+01
9.107599999999999341e+01 8.171999999999999886e+01
9.219400000000000261e+01 8.245000000000000284e+01
9.276000000000000512e+01 8.235999999999999943e+01
9.365000000000000568e+01 8.287999999999999545e+01
9.423199999999999932e+01 8.289000000000000057e+01
9.461599999999999966e+01 8.248000000000000398e+01
9.516599999999999682e+01 8.267000000000000171e+01
9.572199999999999420e+01 8.210999999999999943e+01
9.591599999999999682e+01 8.262999999999999545e+01
9.621599999999999397e+01 8.329999999999999716e+01
9.651800000000000068e+01 8.226999999999999602e+01
9.670399999999999352e+01 8.237999999999999545e+01
9.689400000000000546e+01 8.243999999999999773e+01
9.707599999999999341e+01 8.235999999999999943e+01
9.716800000000000637e+01 8.273000000000000398e+01
9.731999999999999318e+01 8.281000000000000227e+01
9.748999999999999488e+01 8.279000000000000625e+01
9.756199999999999761e+01 8.276999999999999602e+01
9.780400000000000205e+01 8.284000000000000341e+01
9.778799999999999670e+01 8.315999999999999659e+01
9.795999999999999375e+01 8.220000000000000284e+01
9.811799999999999500e+01 8.260999999999999943e+01
9.817600000000000193e+01 8.335999999999999943e+01
9.839000000000000057e+01 8.300000000000000000e+01
9.821200000000000330e+01 8.271999999999999886e+01
9.826200000000000045e+01 8.317000000000000171e+01
9.828799999999999670e+01 8.221999999999999886e+01
9.839799999999999613e+01 8.310999999999999943e+01
9.845399999999999352e+01 8.292000000000000171e+01
9.852599999999999625e+01 8.292000000000000171e+01
9.852400000000000091e+01 8.232999999999999829e+01
9.870999999999999375e+01 8.276000000000000512e+01
9.870799999999999841e+01 8.329000000000000625e+01
9.871999999999999886e+01 8.290000000000000568e+01
9.869799999999999329e+01 8.309999999999999432e+01
9.879200000000000159e+01 8.306000000000000227e+01
9.880200000000000671e+01 8.337999999999999545e+01
9.882200000000000273e+01 8.295000000000000284e+01
9.879999999999999716e+01 8.289000000000000057e+01
9.876399999999999579e+01 8.282999999999999829e+01
9.872400000000000375e+01 8.270999999999999375e+01
9.887399999999999523e+01 8.312000000000000455e+01
