1.769600000000000151e+01 4.674000000000000199e+01
5.754599999999999937e+01 6.859999999999999432e+01
7.210999999999999943e+01 7.559999999999999432e+01
7.867199999999999704e+01 7.864000000000000057e+01
8.297400000000000375e+01 8.001999999999999602e+01
8.620399999999999352e+01 8.132999999999999829e+01
8.862399999999999523e+01 8.137000000000000455e+01
9.081000000000000227e+01 8.220999999999999375e+01
9.242400000000000659e+01 8.234999999999999432e+01
9.377200000000000557e+01 8.256000000000000227e+01
9.474599999999999511e+01 8.276000000000000512e+01
9.565800000000000125e+01 8.279000000000000625e+01
9.641200000000000614e+01 8.298999999999999488e+01
9.695000000000000284e+01 8.273999999999999488e+01
9.730200000000000671e+01 8.303000000000000114e+01
9.769400000000000261e+01 8.306999999999999318e+01
9.787800000000000011e+01 8.315000000000000568e+01
9.820199999999999818e+01 8.304999999999999716e+01
9.826800000000000068e+01 8.335999999999999943e+01
9.836199999999999477e+01 8.345000000000000284e+01
9.852800000000000580e+01 8.345999999999999375e+01
9.869400000000000261e+01 8.351999999999999602e+01
9.884999999999999432e+01 8.365000000000000568e+01
9.884999999999999432e+01 8.359999999999999432e+01
9.891200000000000614e+01 8.390000000000000568e+01
9.887399999999999523e+01 8.345999999999999375e+01
9.909600000000000364e+01 8.359999999999999432e+01
9.905599999999999739e+01 8.382999999999999829e+01
9.908199999999999363e+01 8.343000000000000682e+01
9.912800000000000011e+01 8.384999999999999432e+01
9.914400000000000546e+01 8.351999999999999602e+01
9.922799999999999443e+01 8.370999999999999375e+01
9.930599999999999739e+01 8.334000000000000341e+01
9.928799999999999670e+01 8.368000000000000682e+01
9.933400000000000318e+01 8.364000000000000057e+01
9.937800000000000011e+01 8.396999999999999886e+01
9.933400000000000318e+01 8.354000000000000625e+01
9.932999999999999829e+01 8.425000000000000000e+01
9.942199999999999704e+01 8.378000000000000114e+01
9.946200000000000330e+01 8.379999999999999716e+01
9.954600000000000648e+01 8.381000000000000227e+01
9.945999999999999375e+01 8.378000000000000114e+01
9.944799999999999329e+01 8.362000000000000455e+01
9.943000000000000682e+01 8.384999999999999432e+01
9.946399999999999864e+01 8.373999999999999488e+01
9.950199999999999534e+01 8.378000000000000114e+01
9.951800000000000068e+01 8.359000000000000341e+01
9.953400000000000603e+01 8.373000000000000398e+01
9.954800000000000182e+01 8.359000000000000341e+01
9.951999999999999602e+01 8.390000000000000568e+01
