3.004400000000000048e+01 6.197999999999999687e+01
6.391400000000000148e+01 7.254999999999999716e+01
7.204600000000000648e+01 7.642000000000000171e+01
7.645000000000000284e+01 7.881000000000000227e+01
7.941800000000000637e+01 8.045000000000000284e+01
8.192199999999999704e+01 8.100000000000000000e+01
8.409399999999999409e+01 8.192000000000000171e+01
8.567000000000000171e+01 8.279999999999999716e+01
8.732999999999999829e+01 8.321999999999999886e+01
8.848000000000000398e+01 8.334000000000000341e+01
8.988599999999999568e+01 8.345000000000000284e+01
9.079800000000000182e+01 8.387999999999999545e+01
9.190000000000000568e+01 8.406000000000000227e+01
9.266800000000000637e+01 8.401000000000000512e+01
9.346999999999999886e+01 8.429000000000000625e+01
9.419400000000000261e+01 8.426999999999999602e+01
9.479800000000000182e+01 8.417000000000000171e+01
9.520399999999999352e+01 8.445000000000000284e+01
9.557800000000000296e+01 8.434999999999999432e+01
9.608799999999999386e+01 8.454000000000000625e+01
9.623199999999999932e+01 8.453000000000000114e+01
9.677200000000000557e+01 8.462999999999999545e+01
9.687999999999999545e+01 8.473000000000000398e+01
9.703600000000000136e+01 8.470000000000000284e+01
9.734199999999999875e+01 8.481999999999999318e+01
9.742799999999999727e+01 8.487000000000000455e+01
9.764600000000000080e+01 8.490000000000000568e+01
9.775000000000000000e+01 8.490999999999999659e+01
9.783799999999999386e+01 8.460999999999999943e+01
9.800199999999999534e+01 8.492000000000000171e+01
9.811199999999999477e+01 8.445000000000000284e+01
9.805800000000000693e+01 8.454999999999999716e+01
9.807999999999999829e+01 8.440000000000000568e+01
9.809600000000000364e+01 8.442000000000000171e+01
9.823399999999999466e+01 8.429000000000000625e+01
9.829800000000000182e+01 8.454000000000000625e+01
9.837999999999999545e+01 8.443000000000000682e+01
9.834000000000000341e+01 8.453000000000000114e+01
9.856999999999999318e+01 8.468999999999999773e+01
9.849399999999999977e+01 8.426999999999999602e+01
9.845799999999999841e+01 8.475000000000000000e+01
9.853199999999999648e+01 8.429000000000000625e+01
9.846999999999999886e+01 8.435999999999999943e+01
9.860200000000000387e+01 8.448000000000000398e+01
9.862199999999999989e+01 8.481999999999999318e+01
9.849800000000000466e+01 8.437000000000000455e+01
9.855400000000000205e+01 8.445999999999999375e+01
9.859799999999999898e+01 8.412999999999999545e+01
9.860999999999999943e+01 8.429999999999999716e+01
9.855400000000000205e+01 8.420000000000000284e+01
