1.248199999999999932e+01 3.796999999999999886e+01
5.486399999999999721e+01 6.943999999999999773e+01
7.352800000000000580e+01 7.745000000000000284e+01
8.096599999999999397e+01 8.007999999999999829e+01
8.559000000000000341e+01 8.103000000000000114e+01
8.897599999999999909e+01 8.189000000000000057e+01
9.143999999999999773e+01 8.204999999999999716e+01
9.348999999999999488e+01 8.218000000000000682e+01
9.468600000000000705e+01 8.268000000000000682e+01
9.576200000000000045e+01 8.259000000000000341e+01
9.647599999999999909e+01 8.281000000000000227e+01
9.696999999999999886e+01 8.292000000000000171e+01
9.743000000000000682e+01 8.301999999999999602e+01
9.770000000000000284e+01 8.345000000000000284e+01
9.798000000000000398e+01 8.332999999999999829e+01
9.815800000000000125e+01 8.315000000000000568e+01
9.828400000000000603e+01 8.359000000000000341e+01
9.842000000000000171e+01 8.351000000000000512e+01
9.843000000000000682e+01 8.301000000000000512e+01
9.863200000000000500e+01 8.335999999999999943e+01
9.868999999999999773e+01 8.315000000000000568e+01
9.874200000000000443e+01 8.343999999999999773e+01
9.887399999999999523e+01 8.379000000000000625e+01
9.890800000000000125e+01 8.323000000000000398e+01
9.886400000000000432e+01 8.320000000000000284e+01
9.903199999999999648e+01 8.356000000000000227e+01
9.894400000000000261e+01 8.364000000000000057e+01
9.913599999999999568e+01 8.284999999999999432e+01
9.904200000000000159e+01 8.281999999999999318e+01
9.914600000000000080e+01 8.290000000000000568e+01
9.908400000000000318e+01 8.306000000000000227e+01
9.911599999999999966e+01 8.329999999999999716e+01
9.925199999999999534e+01 8.375000000000000000e+01
9.918000000000000682e+01 8.409000000000000341e+01
9.917600000000000193e+01 8.351000000000000512e+01
9.920799999999999841e+01 8.334999999999999432e+01
9.922400000000000375e+01 8.379999999999999716e+01
9.934199999999999875e+01 8.376999999999999602e+01
9.934399999999999409e+01 8.401000000000000512e+01
9.929200000000000159e+01 8.356000000000000227e+01
9.939400000000000546e+01 8.351999999999999602e+01
9.938400000000000034e+01 8.364000000000000057e+01
9.926399999999999579e+01 8.410999999999999943e+01
9.934600000000000364e+01 8.343999999999999773e+01
9.937800000000000011e+01 8.387999999999999545e+01
9.943600000000000705e+01 8.348999999999999488e+01
9.945799999999999841e+01 8.373999999999999488e+01
9.944799999999999329e+01 8.379000000000000625e+01
9.942400000000000659e+01 8.376999999999999602e+01
9.944599999999999795e+01 8.395000000000000284e+01
