6.033599999999999852e+01 7.703000000000000114e+01
8.259399999999999409e+01 8.103000000000000114e+01
8.847400000000000375e+01 8.159999999999999432e+01
9.221599999999999397e+01 8.285999999999999943e+01
9.461400000000000432e+01 8.348999999999999488e+01
9.598399999999999466e+01 8.339000000000000057e+01
9.689199999999999591e+01 8.390999999999999659e+01
9.763200000000000500e+01 8.454999999999999716e+01
9.810200000000000387e+01 8.467000000000000171e+01
9.846200000000000330e+01 8.464000000000000057e+01
9.859799999999999898e+01 8.418000000000000682e+01
9.884199999999999875e+01 8.431999999999999318e+01
9.895999999999999375e+01 8.442000000000000171e+01
9.913200000000000500e+01 8.442000000000000171e+01
9.925199999999999534e+01 8.435999999999999943e+01
9.928000000000000114e+01 8.440000000000000568e+01
9.937000000000000455e+01 8.475000000000000000e+01
9.934999999999999432e+01 8.437999999999999545e+01
9.940800000000000125e+01 8.490000000000000568e+01
9.949599999999999511e+01 8.506999999999999318e+01
9.949800000000000466e+01 8.456999999999999318e+01
9.959399999999999409e+01 8.440999999999999659e+01
9.958599999999999852e+01 8.450000000000000000e+01
9.961599999999999966e+01 8.478000000000000114e+01
9.962600000000000477e+01 8.476000000000000512e+01
9.963599999999999568e+01 8.475000000000000000e+01
9.966400000000000148e+01 8.489000000000000057e+01
9.970000000000000284e+01 8.498999999999999488e+01
9.961599999999999966e+01 8.493000000000000682e+01
9.969199999999999307e+01 8.489000000000000057e+01
9.973600000000000421e+01 8.487000000000000455e+01
9.972799999999999443e+01 8.493999999999999773e+01
9.974599999999999511e+01 8.495999999999999375e+01
9.976999999999999602e+01 8.459000000000000341e+01
9.972400000000000375e+01 8.473999999999999488e+01
9.972599999999999909e+01 8.456000000000000227e+01
9.974200000000000443e+01 8.492000000000000171e+01
9.974800000000000466e+01 8.492000000000000171e+01
9.973600000000000421e+01 8.501000000000000512e+01
9.978600000000000136e+01 8.501000000000000512e+01
9.977200000000000557e+01 8.495000000000000284e+01
9.983799999999999386e+01 8.531000000000000227e+01
9.984999999999999432e+01 8.529000000000000625e+01
9.982599999999999341e+01 8.531999999999999318e+01
9.982599999999999341e+01 8.503000000000000114e+01
9.981799999999999784e+01 8.503000000000000114e+01
9.985200000000000387e+01 8.512000000000000455e+01
9.983599999999999852e+01 8.537999999999999545e+01
9.981999999999999318e+01 8.506999999999999318e+01
9.982399999999999807e+01 8.520000000000000284e+01
