3.985600000000000165e+01 6.879999999999999716e+01
7.232200000000000273e+01 7.745999999999999375e+01
8.127800000000000580e+01 8.034000000000000341e+01
8.593800000000000239e+01 8.190999999999999659e+01
8.925199999999999534e+01 8.232999999999999829e+01
9.163599999999999568e+01 8.232999999999999829e+01
9.330200000000000671e+01 8.320999999999999375e+01
9.480200000000000671e+01 8.332999999999999829e+01
9.553600000000000136e+01 8.306999999999999318e+01
9.613599999999999568e+01 8.321999999999999886e+01
9.678400000000000603e+01 8.323000000000000398e+01
9.717199999999999704e+01 8.331999999999999318e+01
9.755200000000000671e+01 8.337000000000000455e+01
9.762600000000000477e+01 8.295999999999999375e+01
9.789799999999999613e+01 8.315000000000000568e+01
9.795199999999999818e+01 8.265999999999999659e+01
9.810599999999999454e+01 8.332999999999999829e+01
9.826399999999999579e+01 8.346999999999999886e+01
9.822199999999999420e+01 8.367000000000000171e+01
9.826999999999999602e+01 8.339000000000000057e+01
9.837600000000000477e+01 8.271999999999999886e+01
9.841800000000000637e+01 8.310999999999999943e+01
9.853199999999999648e+01 8.312000000000000455e+01
9.859000000000000341e+01 8.342000000000000171e+01
9.847400000000000375e+01 8.317000000000000171e+01
9.865999999999999659e+01 8.296999999999999886e+01
9.875199999999999534e+01 8.273999999999999488e+01
9.872599999999999909e+01 8.314000000000000057e+01
9.865000000000000568e+01 8.370999999999999375e+01
9.877800000000000580e+01 8.312999999999999545e+01
9.850600000000000023e+01 8.279999999999999716e+01
9.873999999999999488e+01 8.343000000000000682e+01
9.880400000000000205e+01 8.320000000000000284e+01
9.891599999999999682e+01 8.348999999999999488e+01
9.885599999999999454e+01 8.323999999999999488e+01
9.883599999999999852e+01 8.290000000000000568e+01
9.880400000000000205e+01 8.323000000000000398e+01
9.892000000000000171e+01 8.304999999999999716e+01
9.877599999999999625e+01 8.275000000000000000e+01
9.880800000000000693e+01 8.329000000000000625e+01
9.893600000000000705e+01 8.309000000000000341e+01
9.889600000000000080e+01 8.304000000000000625e+01
9.896599999999999397e+01 8.339000000000000057e+01
9.894400000000000261e+01 8.328000000000000114e+01
9.888200000000000500e+01 8.353000000000000114e+01
9.896599999999999397e+01 8.284999999999999432e+01
9.890600000000000591e+01 8.323000000000000398e+01
9.905800000000000693e+01 8.290000000000000568e+01
9.900600000000000023e+01 8.284999999999999432e+01
9.909999999999999432e+01 8.285999999999999943e+01
