7.466000000000000192e+00 3.191000000000000014e+01
3.965999999999999659e+01 5.606000000000000227e+01
5.560600000000000165e+01 6.464000000000000057e+01
6.235199999999999676e+01 6.903000000000000114e+01
6.682399999999999807e+01 7.173000000000000398e+01
7.020399999999999352e+01 7.385999999999999943e+01
7.243600000000000705e+01 7.543000000000000682e+01
7.458199999999999363e+01 7.676999999999999602e+01
7.655599999999999739e+01 7.760999999999999943e+01
7.799200000000000443e+01 7.853000000000000114e+01
7.943000000000000682e+01 7.914000000000000057e+01
8.049599999999999511e+01 7.965999999999999659e+01
8.171999999999999886e+01 8.046999999999999886e+01
8.287800000000000011e+01 8.089000000000000057e+01
8.388200000000000500e+01 8.118999999999999773e+01
8.448600000000000421e+01 8.148999999999999488e+01
8.571999999999999886e+01 8.190000000000000568e+01
8.643200000000000216e+01 8.201999999999999602e+01
8.692400000000000659e+01 8.240999999999999659e+01
8.759399999999999409e+01 8.240000000000000568e+01
8.804000000000000625e+01 8.235999999999999943e+01
8.898999999999999488e+01 8.306000000000000227e+01
8.964799999999999613e+01 8.304999999999999716e+01
9.005400000000000205e+01 8.337000000000000455e+01
9.058599999999999852e+01 8.334999999999999432e+01
9.098999999999999488e+01 8.334999999999999432e+01
9.156999999999999318e+01 8.354000000000000625e+01
9.200600000000000023e+01 8.364000000000000057e+01
9.224399999999999977e+01 8.354000000000000625e+01
9.266200000000000614e+01 8.381999999999999318e+01
9.299599999999999511e+01 8.359000000000000341e+01
9.363200000000000500e+01 8.385999999999999943e+01
9.366599999999999682e+01 8.378000000000000114e+01
9.404999999999999716e+01 8.373000000000000398e+01
9.432399999999999807e+01 8.364000000000000057e+01
9.460800000000000409e+01 8.362000000000000455e+01
9.486199999999999477e+01 8.417000000000000171e+01
9.493200000000000216e+01 8.395000000000000284e+01
9.526000000000000512e+01 8.429999999999999716e+01
9.585800000000000409e+01 8.431000000000000227e+01
9.570199999999999818e+01 8.404000000000000625e+01
9.595999999999999375e+01 8.415999999999999659e+01
9.612600000000000477e+01 8.432999999999999829e+01
9.649399999999999977e+01 8.450000000000000000e+01
9.641200000000000614e+01 8.439000000000000057e+01
9.665800000000000125e+01 8.442000000000000171e+01
9.691400000000000148e+01 8.418000000000000682e+01
9.681000000000000227e+01 8.417000000000000171e+01
9.687399999999999523e+01 8.456000000000000227e+01
9.705599999999999739e+01 8.431000000000000227e+01
