8.608400000000000318e+01 9.256999999999999318e+01
9.320999999999999375e+01 9.398999999999999488e+01
9.521999999999999886e+01 9.460999999999999943e+01
9.653600000000000136e+01 9.471999999999999886e+01
9.716400000000000148e+01 9.496999999999999886e+01
9.774200000000000443e+01 9.514000000000000057e+01
9.800000000000000000e+01 9.510999999999999943e+01
9.837000000000000455e+01 9.526999999999999602e+01
9.854200000000000159e+01 9.534000000000000341e+01
9.870799999999999841e+01 9.557999999999999829e+01
9.887199999999999989e+01 9.559000000000000341e+01
9.902800000000000580e+01 9.540999999999999659e+01
9.907599999999999341e+01 9.550000000000000000e+01
9.914799999999999613e+01 9.551000000000000512e+01
9.925799999999999557e+01 9.556000000000000227e+01
9.923000000000000398e+01 9.575000000000000000e+01
9.926800000000000068e+01 9.568000000000000682e+01
9.925000000000000000e+01 9.512000000000000455e+01
9.934199999999999875e+01 9.570000000000000284e+01
9.938200000000000500e+01 9.603000000000000114e+01
9.944599999999999795e+01 9.581000000000000227e+01
9.935800000000000409e+01 9.589000000000000057e+01
9.948000000000000398e+01 9.576999999999999602e+01
9.940000000000000568e+01 9.576999999999999602e+01
9.944199999999999307e+01 9.515000000000000568e+01
9.948000000000000398e+01 9.515999999999999659e+01
9.942000000000000171e+01 9.554999999999999716e+01
9.952400000000000091e+01 9.609999999999999432e+01
9.943000000000000682e+01 9.576000000000000512e+01
9.948399999999999466e+01 9.576000000000000512e+01
9.949399999999999977e+01 9.590000000000000568e+01
9.947799999999999443e+01 9.576000000000000512e+01
9.950199999999999534e+01 9.535999999999999943e+01
9.951600000000000534e+01 9.548999999999999488e+01
9.954399999999999693e+01 9.576999999999999602e+01
9.955800000000000693e+01 9.579999999999999716e+01
9.955800000000000693e+01 9.579999999999999716e+01
9.950199999999999534e+01 9.534000000000000341e+01
9.955200000000000671e+01 9.560999999999999943e+01
9.956600000000000250e+01 9.554000000000000625e+01
9.950199999999999534e+01 9.579999999999999716e+01
9.953600000000000136e+01 9.565999999999999659e+01
9.957200000000000273e+01 9.554000000000000625e+01
9.956600000000000250e+01 9.551999999999999602e+01
9.957800000000000296e+01 9.545999999999999375e+01
9.954800000000000182e+01 9.521999999999999886e+01
9.958799999999999386e+01 9.557999999999999829e+01
9.957200000000000273e+01 9.543999999999999773e+01
9.954200000000000159e+01 9.614000000000000057e+01
9.960599999999999454e+01 9.581999999999999318e+01
