5.858400000000000318e+01 8.579999999999999716e+01
8.847400000000000375e+01 9.154999999999999716e+01
9.185999999999999943e+01 9.287000000000000455e+01
9.379999999999999716e+01 9.396999999999999886e+01
9.494400000000000261e+01 9.432999999999999829e+01
9.570600000000000307e+01 9.470999999999999375e+01
9.636799999999999500e+01 9.501999999999999602e+01
9.709000000000000341e+01 9.498000000000000398e+01
9.740000000000000568e+01 9.515999999999999659e+01
9.782599999999999341e+01 9.493000000000000682e+01
9.808599999999999852e+01 9.534999999999999432e+01
9.822199999999999420e+01 9.543000000000000682e+01
9.847400000000000375e+01 9.550000000000000000e+01
9.857999999999999829e+01 9.556999999999999318e+01
9.877200000000000557e+01 9.575000000000000000e+01
9.893000000000000682e+01 9.568000000000000682e+01
9.895799999999999841e+01 9.581000000000000227e+01
9.903799999999999670e+01 9.568000000000000682e+01
9.919799999999999329e+01 9.554999999999999716e+01
9.921200000000000330e+01 9.554999999999999716e+01
9.919599999999999795e+01 9.548999999999999488e+01
9.926000000000000512e+01 9.553000000000000114e+01
9.938400000000000034e+01 9.562999999999999545e+01
9.934600000000000364e+01 9.587999999999999545e+01
9.942000000000000171e+01 9.556999999999999318e+01
9.947199999999999420e+01 9.575000000000000000e+01
9.938800000000000523e+01 9.551999999999999602e+01
9.952400000000000091e+01 9.584999999999999432e+01
9.952599999999999625e+01 9.589000000000000057e+01
9.953799999999999670e+01 9.587000000000000455e+01
9.954600000000000648e+01 9.579000000000000625e+01
9.957599999999999341e+01 9.557999999999999829e+01
9.960399999999999920e+01 9.576999999999999602e+01
9.953199999999999648e+01 9.553000000000000114e+01
9.961199999999999477e+01 9.568999999999999773e+01
9.964400000000000546e+01 9.581999999999999318e+01
9.961799999999999500e+01 9.598999999999999488e+01
9.962800000000000011e+01 9.573999999999999488e+01
9.960399999999999920e+01 9.584999999999999432e+01
9.964600000000000080e+01 9.579999999999999716e+01
9.971599999999999397e+01 9.564000000000000057e+01
9.973999999999999488e+01 9.576999999999999602e+01
9.968399999999999750e+01 9.562000000000000455e+01
9.967799999999999727e+01 9.584999999999999432e+01
9.968200000000000216e+01 9.587999999999999545e+01
9.970999999999999375e+01 9.570000000000000284e+01
9.973799999999999955e+01 9.595999999999999375e+01
9.975799999999999557e+01 9.587999999999999545e+01
9.976800000000000068e+01 9.593000000000000682e+01
9.975600000000000023e+01 9.584000000000000341e+01
