2.509199999999999875e+01 5.627000000000000313e+01
6.193999999999999773e+01 7.065000000000000568e+01
7.218800000000000239e+01 7.579000000000000625e+01
7.735599999999999454e+01 7.835999999999999943e+01
8.069599999999999795e+01 7.948000000000000398e+01
8.340999999999999659e+01 8.035999999999999943e+01
8.534399999999999409e+01 8.112999999999999545e+01
8.697400000000000375e+01 8.145999999999999375e+01
8.851800000000000068e+01 8.226000000000000512e+01
8.960200000000000387e+01 8.220000000000000284e+01
9.096999999999999886e+01 8.260999999999999943e+01
9.192199999999999704e+01 8.278000000000000114e+01
9.278799999999999670e+01 8.262999999999999545e+01
9.361799999999999500e+01 8.270999999999999375e+01
9.432999999999999829e+01 8.289000000000000057e+01
9.466200000000000614e+01 8.323000000000000398e+01
9.526600000000000534e+01 8.325000000000000000e+01
9.548000000000000398e+01 8.343999999999999773e+01
9.617000000000000171e+01 8.296999999999999886e+01
9.645600000000000307e+01 8.346999999999999886e+01
9.684199999999999875e+01 8.318999999999999773e+01
9.691599999999999682e+01 8.343000000000000682e+01
9.724800000000000466e+01 8.337000000000000455e+01
9.751000000000000512e+01 8.329999999999999716e+01
9.747400000000000375e+01 8.370999999999999375e+01
9.771800000000000352e+01 8.343000000000000682e+01
9.790600000000000591e+01 8.328000000000000114e+01
9.797400000000000375e+01 8.345999999999999375e+01
9.823999999999999488e+01 8.365999999999999659e+01
9.818800000000000239e+01 8.354999999999999716e+01
9.839799999999999613e+01 8.329999999999999716e+01
9.833400000000000318e+01 8.334000000000000341e+01
9.846399999999999864e+01 8.343000000000000682e+01
9.854200000000000159e+01 8.360999999999999943e+01
9.864199999999999591e+01 8.342000000000000171e+01
9.867799999999999727e+01 8.362000000000000455e+01
9.877800000000000580e+01 8.351000000000000512e+01
9.879600000000000648e+01 8.353000000000000114e+01
9.883400000000000318e+01 8.381999999999999318e+01
9.891599999999999682e+01 8.345000000000000284e+01
9.890200000000000102e+01 8.331999999999999318e+01
9.893800000000000239e+01 8.381000000000000227e+01
9.897799999999999443e+01 8.389000000000000057e+01
9.900600000000000023e+01 8.364000000000000057e+01
9.892000000000000171e+01 8.379999999999999716e+01
9.902200000000000557e+01 8.337999999999999545e+01
9.898799999999999955e+01 8.362999999999999545e+01
9.902800000000000580e+01 8.385999999999999943e+01
9.909399999999999409e+01 8.393999999999999773e+01
9.912999999999999545e+01 8.390000000000000568e+01
