5.828199999999999648e+01 7.471999999999999886e+01
7.812600000000000477e+01 7.853000000000000114e+01
8.337800000000000011e+01 8.015999999999999659e+01
8.667400000000000659e+01 8.132999999999999829e+01
8.899800000000000466e+01 8.162999999999999545e+01
9.101200000000000045e+01 8.203000000000000114e+01
9.225400000000000489e+01 8.176000000000000512e+01
9.335200000000000387e+01 8.270000000000000284e+01
9.421999999999999886e+01 8.287000000000000455e+01
9.504000000000000625e+01 8.223000000000000398e+01
9.560200000000000387e+01 8.228000000000000114e+01
9.623799999999999955e+01 8.279000000000000625e+01
9.658799999999999386e+01 8.256000000000000227e+01
9.690000000000000568e+01 8.293000000000000682e+01
9.716200000000000614e+01 8.264000000000000057e+01
9.734600000000000364e+01 8.256000000000000227e+01
9.754200000000000159e+01 8.279999999999999716e+01
9.765600000000000591e+01 8.257999999999999829e+01
9.792000000000000171e+01 8.278000000000000114e+01
9.796399999999999864e+01 8.281999999999999318e+01
9.803199999999999648e+01 8.276000000000000512e+01
9.820000000000000284e+01 8.312000000000000455e+01
9.823799999999999955e+01 8.265999999999999659e+01
9.847599999999999909e+01 8.285999999999999943e+01
9.851000000000000512e+01 8.284999999999999432e+01
9.864000000000000057e+01 8.292000000000000171e+01
9.865600000000000591e+01 8.301999999999999602e+01
9.877400000000000091e+01 8.301999999999999602e+01
9.868399999999999750e+01 8.332999999999999829e+01
9.876600000000000534e+01 8.337999999999999545e+01
9.880800000000000693e+01 8.293999999999999773e+01
9.890200000000000102e+01 8.281999999999999318e+01
9.887600000000000477e+01 8.328000000000000114e+01
9.900199999999999534e+01 8.335999999999999943e+01
9.900400000000000489e+01 8.317000000000000171e+01
9.902200000000000557e+01 8.318999999999999773e+01
9.902200000000000557e+01 8.334000000000000341e+01
9.913400000000000034e+01 8.318999999999999773e+01
9.913800000000000523e+01 8.334000000000000341e+01
9.913200000000000500e+01 8.298999999999999488e+01
9.910599999999999454e+01 8.293000000000000682e+01
9.920999999999999375e+01 8.300000000000000000e+01
9.922599999999999909e+01 8.323000000000000398e+01
9.920600000000000307e+01 8.334000000000000341e+01
9.925600000000000023e+01 8.329999999999999716e+01
9.921999999999999886e+01 8.306999999999999318e+01
9.931799999999999784e+01 8.317000000000000171e+01
9.923199999999999932e+01 8.351999999999999602e+01
9.931799999999999784e+01 8.345000000000000284e+01
9.931600000000000250e+01 8.298999999999999488e+01
