7.022000000000000242e+00 3.328000000000000114e+01
4.620400000000000063e+01 6.364000000000000057e+01
6.696200000000000330e+01 7.346999999999999886e+01
7.480599999999999739e+01 7.787999999999999545e+01
7.953799999999999670e+01 7.959000000000000341e+01
8.293399999999999750e+01 8.112000000000000455e+01
8.548799999999999955e+01 8.204999999999999716e+01
8.749599999999999511e+01 8.259999999999999432e+01
8.918000000000000682e+01 8.292000000000000171e+01
9.084600000000000364e+01 8.248999999999999488e+01
9.225000000000000000e+01 8.306000000000000227e+01
9.314600000000000080e+01 8.343000000000000682e+01
9.394599999999999795e+01 8.345000000000000284e+01
9.477200000000000557e+01 8.356000000000000227e+01
9.542000000000000171e+01 8.356999999999999318e+01
9.595000000000000284e+01 8.320000000000000284e+01
9.628600000000000136e+01 8.373000000000000398e+01
9.681399999999999295e+01 8.348999999999999488e+01
9.711400000000000432e+01 8.370999999999999375e+01
9.732399999999999807e+01 8.365999999999999659e+01
9.755800000000000693e+01 8.376999999999999602e+01
9.764600000000000080e+01 8.368999999999999773e+01
9.791200000000000614e+01 8.375000000000000000e+01
9.800799999999999557e+01 8.337999999999999545e+01
9.809999999999999432e+01 8.376000000000000512e+01
9.831999999999999318e+01 8.406999999999999318e+01
9.837000000000000455e+01 8.385999999999999943e+01
9.837199999999999989e+01 8.315999999999999659e+01
9.848199999999999932e+01 8.351999999999999602e+01
9.851399999999999579e+01 8.389000000000000057e+01
9.854399999999999693e+01 8.393999999999999773e+01
9.857399999999999807e+01 8.373000000000000398e+01
9.876800000000000068e+01 8.375000000000000000e+01
9.872199999999999420e+01 8.343000000000000682e+01
9.878799999999999670e+01 8.378000000000000114e+01
9.880599999999999739e+01 8.376000000000000512e+01
9.889000000000000057e+01 8.400000000000000000e+01
9.893999999999999773e+01 8.359000000000000341e+01
9.892199999999999704e+01 8.368000000000000682e+01
9.909000000000000341e+01 8.370999999999999375e+01
9.900600000000000023e+01 8.400000000000000000e+01
9.898199999999999932e+01 8.368999999999999773e+01
9.904600000000000648e+01 8.357999999999999829e+01
9.915999999999999659e+01 8.387000000000000455e+01
9.912800000000000011e+01 8.354999999999999716e+01
9.917199999999999704e+01 8.401000000000000512e+01
9.914799999999999613e+01 8.382999999999999829e+01
9.923799999999999955e+01 8.390000000000000568e+01
9.915000000000000568e+01 8.387999999999999545e+01
9.917000000000000171e+01 8.343000000000000682e+01
