3.221999999999999975e+00 1.451999999999999957e+01
2.443799999999999883e+01 4.568999999999999773e+01
4.966400000000000148e+01 6.143999999999999773e+01
6.251400000000000290e+01 6.875000000000000000e+01
6.890800000000000125e+01 7.275000000000000000e+01
7.309399999999999409e+01 7.548000000000000398e+01
7.587800000000000011e+01 7.706999999999999318e+01
7.828799999999999670e+01 7.854000000000000625e+01
8.033199999999999363e+01 7.939000000000000057e+01
8.177800000000000580e+01 8.003000000000000114e+01
8.321599999999999397e+01 8.065000000000000568e+01
8.471200000000000330e+01 8.106999999999999318e+01
8.554200000000000159e+01 8.151999999999999602e+01
8.666200000000000614e+01 8.210999999999999943e+01
8.747199999999999420e+01 8.226000000000000512e+01
8.831799999999999784e+01 8.243000000000000682e+01
8.917400000000000659e+01 8.267000000000000171e+01
8.986799999999999500e+01 8.295000000000000284e+01
9.040200000000000102e+01 8.290000000000000568e+01
9.120600000000000307e+01 8.279000000000000625e+01
9.152400000000000091e+01 8.326000000000000512e+01
9.218000000000000682e+01 8.315999999999999659e+01
9.261199999999999477e+01 8.323999999999999488e+01
9.308199999999999363e+01 8.351999999999999602e+01
9.332800000000000296e+01 8.343000000000000682e+01
9.377200000000000557e+01 8.371999999999999886e+01
9.417600000000000193e+01 8.350000000000000000e+01
9.451999999999999602e+01 8.345999999999999375e+01
9.489000000000000057e+01 8.318999999999999773e+01
9.504800000000000182e+01 8.354999999999999716e+01
9.550600000000000023e+01 8.370000000000000284e+01
9.571599999999999397e+01 8.356000000000000227e+01
9.579200000000000159e+01 8.350000000000000000e+01
9.619199999999999307e+01 8.368000000000000682e+01
9.637199999999999989e+01 8.353000000000000114e+01
9.663599999999999568e+01 8.354999999999999716e+01
9.650000000000000000e+01 8.362000000000000455e+01
9.685399999999999920e+01 8.359000000000000341e+01
9.694400000000000261e+01 8.370999999999999375e+01
9.710399999999999920e+01 8.376999999999999602e+01
9.718200000000000216e+01 8.392000000000000171e+01
9.730599999999999739e+01 8.364000000000000057e+01
9.745399999999999352e+01 8.406999999999999318e+01
9.746999999999999886e+01 8.354999999999999716e+01
9.769199999999999307e+01 8.370000000000000284e+01
9.770000000000000284e+01 8.348999999999999488e+01
9.786199999999999477e+01 8.375000000000000000e+01
9.800400000000000489e+01 8.368000000000000682e+01
9.811799999999999500e+01 8.362999999999999545e+01
9.804000000000000625e+01 8.379000000000000625e+01
