5.134000000000000341e+00 1.780999999999999872e+01
2.104599999999999937e+01 3.314000000000000057e+01
3.438799999999999812e+01 4.396999999999999886e+01
4.487800000000000011e+01 5.277000000000000313e+01
5.316400000000000148e+01 5.953999999999999915e+01
5.853199999999999648e+01 6.317000000000000171e+01
6.249600000000000222e+01 6.654999999999999716e+01
6.605800000000000693e+01 6.912000000000000455e+01
6.858799999999999386e+01 7.084000000000000341e+01
7.056399999999999295e+01 7.254000000000000625e+01
7.245000000000000284e+01 7.362000000000000455e+01
7.396999999999999886e+01 7.439000000000000057e+01
7.538400000000000034e+01 7.531999999999999318e+01
7.666800000000000637e+01 7.617000000000000171e+01
7.767199999999999704e+01 7.712000000000000455e+01
7.861199999999999477e+01 7.751999999999999602e+01
7.940999999999999659e+01 7.784000000000000341e+01
8.037999999999999545e+01 7.815999999999999659e+01
8.101800000000000068e+01 7.862000000000000455e+01
8.185599999999999454e+01 7.884000000000000341e+01
8.259399999999999409e+01 7.928000000000000114e+01
8.333400000000000318e+01 7.953000000000000114e+01
8.390600000000000591e+01 7.996999999999999886e+01
8.445399999999999352e+01 8.010999999999999943e+01
8.491200000000000614e+01 8.032999999999999829e+01
8.530599999999999739e+01 8.056999999999999318e+01
8.586799999999999500e+01 8.068000000000000682e+01
8.629000000000000625e+01 8.098999999999999488e+01
8.668600000000000705e+01 8.101000000000000512e+01
8.745999999999999375e+01 8.125000000000000000e+01
8.791400000000000148e+01 8.134000000000000341e+01
8.822199999999999420e+01 8.143999999999999773e+01
8.855200000000000671e+01 8.168999999999999773e+01
8.885999999999999943e+01 8.165000000000000568e+01
8.935399999999999920e+01 8.189000000000000057e+01
8.966200000000000614e+01 8.215000000000000568e+01
8.980599999999999739e+01 8.195000000000000284e+01
9.045000000000000284e+01 8.207999999999999829e+01
9.091800000000000637e+01 8.237000000000000455e+01
9.102200000000000557e+01 8.226999999999999602e+01
9.126999999999999602e+01 8.231999999999999318e+01
9.154999999999999716e+01 8.234999999999999432e+01
9.176200000000000045e+01 8.246999999999999886e+01
9.203400000000000603e+01 8.245999999999999375e+01
9.238400000000000034e+01 8.251000000000000512e+01
9.262999999999999545e+01 8.271999999999999886e+01
9.283400000000000318e+01 8.267000000000000171e+01
9.310200000000000387e+01 8.273999999999999488e+01
9.322599999999999909e+01 8.260999999999999943e+01
9.352400000000000091e+01 8.276000000000000512e+01
