3.860799999999999699e+01 6.676000000000000512e+01
6.942000000000000171e+01 7.484000000000000341e+01
7.699599999999999511e+01 7.764000000000000057e+01
8.105200000000000671e+01 7.909000000000000341e+01
8.412999999999999545e+01 8.045999999999999375e+01
8.608199999999999363e+01 8.071999999999999886e+01
8.810200000000000387e+01 8.110999999999999943e+01
8.948199999999999932e+01 8.181000000000000227e+01
9.102800000000000580e+01 8.189000000000000057e+01
9.177400000000000091e+01 8.217000000000000171e+01
9.293200000000000216e+01 8.203000000000000114e+01
9.367400000000000659e+01 8.217000000000000171e+01
9.437600000000000477e+01 8.243000000000000682e+01
9.482200000000000273e+01 8.237000000000000455e+01
9.536799999999999500e+01 8.234000000000000341e+01
9.580800000000000693e+01 8.240000000000000568e+01
9.633599999999999852e+01 8.231000000000000227e+01
9.642799999999999727e+01 8.243000000000000682e+01
9.682399999999999807e+01 8.237999999999999545e+01
9.689799999999999613e+01 8.279999999999999716e+01
9.697199999999999420e+01 8.248000000000000398e+01
9.715399999999999636e+01 8.256000000000000227e+01
9.743800000000000239e+01 8.275000000000000000e+01
9.774800000000000466e+01 8.245999999999999375e+01
9.767000000000000171e+01 8.229000000000000625e+01
9.788400000000000034e+01 8.243000000000000682e+01
9.790800000000000125e+01 8.251999999999999602e+01
9.787600000000000477e+01 8.265999999999999659e+01
9.807800000000000296e+01 8.279999999999999716e+01
9.821999999999999886e+01 8.221999999999999886e+01
9.806199999999999761e+01 8.246999999999999886e+01
9.821599999999999397e+01 8.260999999999999943e+01
9.824200000000000443e+01 8.248999999999999488e+01
9.833799999999999386e+01 8.239000000000000057e+01
9.838400000000000034e+01 8.254000000000000625e+01
9.836400000000000432e+01 8.234000000000000341e+01
9.846399999999999864e+01 8.221999999999999886e+01
9.848199999999999932e+01 8.293999999999999773e+01
9.851399999999999579e+01 8.176000000000000512e+01
9.856000000000000227e+01 8.246999999999999886e+01
9.863800000000000523e+01 8.281999999999999318e+01
9.866200000000000614e+01 8.259000000000000341e+01
9.859000000000000341e+01 8.284999999999999432e+01
9.863599999999999568e+01 8.262000000000000455e+01
9.865800000000000125e+01 8.220999999999999375e+01
9.875000000000000000e+01 8.260999999999999943e+01
9.862199999999999989e+01 8.268999999999999773e+01
9.875600000000000023e+01 8.229999999999999716e+01
9.870999999999999375e+01 8.240999999999999659e+01
9.877599999999999625e+01 8.226999999999999602e+01
