1.426200000000000045e+01 4.065999999999999659e+01
5.258400000000000318e+01 6.639000000000000057e+01
6.896800000000000352e+01 7.357999999999999829e+01
7.610599999999999454e+01 7.717000000000000171e+01
8.044400000000000261e+01 7.914000000000000057e+01
8.375600000000000023e+01 8.006999999999999318e+01
8.633599999999999852e+01 8.081000000000000227e+01
8.854000000000000625e+01 8.165000000000000568e+01
9.045199999999999818e+01 8.178000000000000114e+01
9.180400000000000205e+01 8.218999999999999773e+01
9.310200000000000387e+01 8.245999999999999375e+01
9.409799999999999898e+01 8.242000000000000171e+01
9.501800000000000068e+01 8.259999999999999432e+01
9.568800000000000239e+01 8.287999999999999545e+01
9.622799999999999443e+01 8.273999999999999488e+01
9.666800000000000637e+01 8.285999999999999943e+01
9.703199999999999648e+01 8.273000000000000398e+01
9.747799999999999443e+01 8.292000000000000171e+01
9.771399999999999864e+01 8.325000000000000000e+01
9.792000000000000171e+01 8.268000000000000682e+01
9.805400000000000205e+01 8.337999999999999545e+01
9.831799999999999784e+01 8.279999999999999716e+01
9.836599999999999966e+01 8.285999999999999943e+01
9.845399999999999352e+01 8.289000000000000057e+01
9.857399999999999807e+01 8.315999999999999659e+01
9.868200000000000216e+01 8.284999999999999432e+01
9.876000000000000512e+01 8.293999999999999773e+01
9.887199999999999989e+01 8.295999999999999375e+01
9.887000000000000455e+01 8.345999999999999375e+01
9.901000000000000512e+01 8.329000000000000625e+01
9.900799999999999557e+01 8.273000000000000398e+01
9.901999999999999602e+01 8.285999999999999943e+01
9.906600000000000250e+01 8.282999999999999829e+01
9.916400000000000148e+01 8.309999999999999432e+01
9.919599999999999795e+01 8.323000000000000398e+01
9.917600000000000193e+01 8.312000000000000455e+01
9.918999999999999773e+01 8.318999999999999773e+01
9.930800000000000693e+01 8.370000000000000284e+01
9.933799999999999386e+01 8.335999999999999943e+01
9.928600000000000136e+01 8.371999999999999886e+01
9.931600000000000250e+01 8.345999999999999375e+01
9.932599999999999341e+01 8.379000000000000625e+01
9.938200000000000500e+01 8.362000000000000455e+01
9.933599999999999852e+01 8.329000000000000625e+01
9.940999999999999659e+01 8.343999999999999773e+01
9.940800000000000125e+01 8.376999999999999602e+01
9.941200000000000614e+01 8.345999999999999375e+01
9.944400000000000261e+01 8.381999999999999318e+01
9.951000000000000512e+01 8.362999999999999545e+01
9.945999999999999375e+01 8.362999999999999545e+01
