6.516000000000000014e+00 2.375000000000000000e+01
3.213600000000000279e+01 4.785000000000000142e+01
5.084799999999999898e+01 6.079999999999999716e+01
6.002600000000000335e+01 6.609999999999999432e+01
6.551399999999999579e+01 6.960999999999999943e+01
6.894599999999999795e+01 7.212000000000000455e+01
7.115399999999999636e+01 7.437999999999999545e+01
7.309199999999999875e+01 7.554000000000000625e+01
7.483599999999999852e+01 7.675000000000000000e+01
7.604000000000000625e+01 7.754000000000000625e+01
7.701999999999999602e+01 7.823999999999999488e+01
7.820799999999999841e+01 7.895999999999999375e+01
7.897799999999999443e+01 7.957999999999999829e+01
7.981799999999999784e+01 8.012999999999999545e+01
8.046399999999999864e+01 8.029999999999999716e+01
8.131600000000000250e+01 8.065000000000000568e+01
8.185999999999999943e+01 8.100000000000000000e+01
8.261799999999999500e+01 8.143000000000000682e+01
8.298600000000000421e+01 8.176000000000000512e+01
8.362399999999999523e+01 8.181000000000000227e+01
8.377200000000000557e+01 8.220000000000000284e+01
8.451200000000000045e+01 8.231999999999999318e+01
8.500400000000000489e+01 8.237999999999999545e+01
8.537600000000000477e+01 8.237999999999999545e+01
8.589799999999999613e+01 8.270999999999999375e+01
8.618600000000000705e+01 8.275000000000000000e+01
8.645799999999999841e+01 8.312000000000000455e+01
8.690000000000000568e+01 8.303000000000000114e+01
8.720399999999999352e+01 8.332999999999999829e+01
8.745999999999999375e+01 8.323000000000000398e+01
8.794400000000000261e+01 8.362999999999999545e+01
8.826399999999999579e+01 8.354999999999999716e+01
8.834199999999999875e+01 8.378000000000000114e+01
8.871200000000000330e+01 8.378000000000000114e+01
8.883799999999999386e+01 8.398999999999999488e+01
8.904800000000000182e+01 8.384000000000000341e+01
8.931600000000000250e+01 8.389000000000000057e+01
8.962999999999999545e+01 8.387000000000000455e+01
8.986599999999999966e+01 8.392000000000000171e+01
9.027200000000000557e+01 8.426000000000000512e+01
9.048199999999999932e+01 8.440999999999999659e+01
9.063200000000000500e+01 8.434000000000000341e+01
9.078000000000000114e+01 8.429999999999999716e+01
9.098399999999999466e+01 8.429999999999999716e+01
9.115000000000000568e+01 8.448999999999999488e+01
9.138599999999999568e+01 8.454999999999999716e+01
9.160999999999999943e+01 8.464000000000000057e+01
9.175799999999999557e+01 8.448999999999999488e+01
9.201000000000000512e+01 8.489000000000000057e+01
9.218200000000000216e+01 8.473000000000000398e+01
