4.307600000000000051e+01 6.595000000000000284e+01
6.578600000000000136e+01 7.304000000000000625e+01
7.221999999999999886e+01 7.615999999999999659e+01
7.626999999999999602e+01 7.837000000000000455e+01
7.965200000000000102e+01 8.006000000000000227e+01
8.225400000000000489e+01 8.132999999999999829e+01
8.425400000000000489e+01 8.237999999999999545e+01
8.579000000000000625e+01 8.281999999999999318e+01
8.755400000000000205e+01 8.326000000000000512e+01
8.908199999999999363e+01 8.381999999999999318e+01
9.000400000000000489e+01 8.396999999999999886e+01
9.113200000000000500e+01 8.406999999999999318e+01
9.214000000000000057e+01 8.412999999999999545e+01
9.289199999999999591e+01 8.406999999999999318e+01
9.370999999999999375e+01 8.439000000000000057e+01
9.401000000000000512e+01 8.431999999999999318e+01
9.475000000000000000e+01 8.437999999999999545e+01
9.512199999999999989e+01 8.448000000000000398e+01
9.573999999999999488e+01 8.450000000000000000e+01
9.612199999999999989e+01 8.451999999999999602e+01
9.652599999999999625e+01 8.462000000000000455e+01
9.679399999999999693e+01 8.431000000000000227e+01
9.702599999999999625e+01 8.476999999999999602e+01
9.714400000000000546e+01 8.437999999999999545e+01
9.730400000000000205e+01 8.456999999999999318e+01
9.751000000000000512e+01 8.468000000000000682e+01
9.756799999999999784e+01 8.451999999999999602e+01
9.772599999999999909e+01 8.470999999999999375e+01
9.784199999999999875e+01 8.468000000000000682e+01
9.798399999999999466e+01 8.476999999999999602e+01
9.800600000000000023e+01 8.457999999999999829e+01
9.809000000000000341e+01 8.453000000000000114e+01
9.810200000000000387e+01 8.468000000000000682e+01
9.830599999999999739e+01 8.490999999999999659e+01
9.820000000000000284e+01 8.498000000000000398e+01
9.830400000000000205e+01 8.490999999999999659e+01
9.839799999999999613e+01 8.465000000000000568e+01
9.852400000000000091e+01 8.468000000000000682e+01
9.840399999999999636e+01 8.509999999999999432e+01
9.843000000000000682e+01 8.476999999999999602e+01
9.853799999999999670e+01 8.479999999999999716e+01
9.851200000000000045e+01 8.468999999999999773e+01
9.848799999999999955e+01 8.492000000000000171e+01
9.855800000000000693e+01 8.459999999999999432e+01
9.857999999999999829e+01 8.471999999999999886e+01
9.857999999999999829e+01 8.415999999999999659e+01
9.857999999999999829e+01 8.503000000000000114e+01
9.863400000000000034e+01 8.468999999999999773e+01
9.868600000000000705e+01 8.467000000000000171e+01
9.870600000000000307e+01 8.475000000000000000e+01
