2.052000000000000046e+00 6.440000000000000391e+00
1.113599999999999923e+01 2.733999999999999986e+01
2.775400000000000134e+01 4.195000000000000284e+01
4.137599999999999767e+01 5.188000000000000256e+01
5.039000000000000057e+01 5.832999999999999829e+01
5.561399999999999721e+01 6.306000000000000227e+01
5.984000000000000341e+01 6.623999999999999488e+01
6.317999999999999972e+01 6.862999999999999545e+01
6.517000000000000171e+01 6.998999999999999488e+01
6.698399999999999466e+01 7.125000000000000000e+01
6.882999999999999829e+01 7.245000000000000284e+01
6.995600000000000307e+01 7.353000000000000114e+01
7.128000000000000114e+01 7.426000000000000512e+01
7.226399999999999579e+01 7.492000000000000171e+01
7.323000000000000398e+01 7.543999999999999773e+01
7.412800000000000011e+01 7.634000000000000341e+01
7.494199999999999307e+01 7.662999999999999545e+01
7.604600000000000648e+01 7.718999999999999773e+01
7.619400000000000261e+01 7.776999999999999602e+01
7.681199999999999761e+01 7.826999999999999602e+01
7.766800000000000637e+01 7.843999999999999773e+01
7.819199999999999307e+01 7.873999999999999488e+01
7.856000000000000227e+01 7.921999999999999886e+01
7.927400000000000091e+01 7.920999999999999375e+01
7.952599999999999625e+01 7.954999999999999716e+01
7.983599999999999852e+01 7.945999999999999375e+01
8.030200000000000671e+01 7.968000000000000682e+01
8.081399999999999295e+01 8.018999999999999773e+01
8.123600000000000421e+01 8.023000000000000398e+01
8.171999999999999886e+01 8.029000000000000625e+01
8.178199999999999648e+01 8.054999999999999716e+01
8.221399999999999864e+01 8.081999999999999318e+01
8.246800000000000352e+01 8.082999999999999829e+01
8.278600000000000136e+01 8.120000000000000284e+01
8.274599999999999511e+01 8.134000000000000341e+01
8.324200000000000443e+01 8.120000000000000284e+01
8.385599999999999454e+01 8.153000000000000114e+01
8.383599999999999852e+01 8.150000000000000000e+01
8.415999999999999659e+01 8.154000000000000625e+01
8.415000000000000568e+01 8.196999999999999886e+01
8.467600000000000193e+01 8.178000000000000114e+01
8.471399999999999864e+01 8.142000000000000171e+01
8.505800000000000693e+01 8.182999999999999829e+01
8.520000000000000284e+01 8.165999999999999659e+01
8.549399999999999977e+01 8.190000000000000568e+01
8.591400000000000148e+01 8.201000000000000512e+01
8.589600000000000080e+01 8.226999999999999602e+01
8.584999999999999432e+01 8.206000000000000227e+01
8.637199999999999989e+01 8.193999999999999773e+01
8.648600000000000421e+01 8.217000000000000171e+01
