1.050799999999999912e+01 3.525000000000000000e+01
4.966799999999999926e+01 6.642000000000000171e+01
6.970000000000000284e+01 7.518000000000000682e+01
7.783400000000000318e+01 7.881000000000000227e+01
8.312399999999999523e+01 8.050000000000000000e+01
8.689799999999999613e+01 8.156999999999999318e+01
8.954999999999999716e+01 8.201999999999999602e+01
9.153400000000000603e+01 8.229000000000000625e+01
9.337399999999999523e+01 8.259999999999999432e+01
9.437199999999999989e+01 8.248999999999999488e+01
9.532399999999999807e+01 8.289000000000000057e+01
9.619400000000000261e+01 8.207999999999999829e+01
9.665200000000000102e+01 8.273999999999999488e+01
9.704000000000000625e+01 8.254999999999999716e+01
9.750600000000000023e+01 8.259999999999999432e+01
9.774800000000000466e+01 8.285999999999999943e+01
9.791599999999999682e+01 8.267000000000000171e+01
9.800600000000000023e+01 8.298999999999999488e+01
9.828000000000000114e+01 8.303000000000000114e+01
9.842000000000000171e+01 8.312999999999999545e+01
9.856799999999999784e+01 8.321999999999999886e+01
9.852800000000000580e+01 8.318000000000000682e+01
9.855599999999999739e+01 8.340000000000000568e+01
9.861400000000000432e+01 8.332999999999999829e+01
9.878199999999999648e+01 8.310999999999999943e+01
9.871399999999999864e+01 8.318999999999999773e+01
9.885599999999999454e+01 8.339000000000000057e+01
9.887399999999999523e+01 8.317000000000000171e+01
9.891400000000000148e+01 8.301000000000000512e+01
9.901800000000000068e+01 8.300000000000000000e+01
9.903600000000000136e+01 8.296999999999999886e+01
9.907599999999999341e+01 8.304000000000000625e+01
9.903799999999999670e+01 8.273000000000000398e+01
9.911799999999999500e+01 8.326999999999999602e+01
9.912000000000000455e+01 8.317000000000000171e+01
9.918399999999999750e+01 8.334999999999999432e+01
9.918000000000000682e+01 8.326000000000000512e+01
9.927200000000000557e+01 8.285999999999999943e+01
9.920199999999999818e+01 8.318000000000000682e+01
9.913400000000000034e+01 8.354000000000000625e+01
9.930400000000000205e+01 8.346999999999999886e+01
9.924200000000000443e+01 8.339000000000000057e+01
9.925199999999999534e+01 8.343000000000000682e+01
9.925400000000000489e+01 8.337999999999999545e+01
9.932999999999999829e+01 8.403000000000000114e+01
9.933199999999999363e+01 8.298999999999999488e+01
9.940399999999999636e+01 8.385999999999999943e+01
9.939000000000000057e+01 8.390000000000000568e+01
9.935999999999999943e+01 8.332999999999999829e+01
9.940200000000000102e+01 8.395999999999999375e+01
