3.922800000000000153e+01 6.987000000000000455e+01
7.266200000000000614e+01 7.856000000000000227e+01
8.032200000000000273e+01 8.123000000000000398e+01
8.415999999999999659e+01 8.279999999999999716e+01
8.703600000000000136e+01 8.329000000000000625e+01
8.933599999999999852e+01 8.376000000000000512e+01
9.098000000000000398e+01 8.434000000000000341e+01
9.253199999999999648e+01 8.426999999999999602e+01
9.378199999999999648e+01 8.448999999999999488e+01
9.455800000000000693e+01 8.420000000000000284e+01
9.534600000000000364e+01 8.459999999999999432e+01
9.591400000000000148e+01 8.440000000000000568e+01
9.641800000000000637e+01 8.457999999999999829e+01
9.663599999999999568e+01 8.473000000000000398e+01
9.706799999999999784e+01 8.454999999999999716e+01
9.731399999999999295e+01 8.467000000000000171e+01
9.758400000000000318e+01 8.468999999999999773e+01
9.781000000000000227e+01 8.425000000000000000e+01
9.776399999999999579e+01 8.498999999999999488e+01
9.804200000000000159e+01 8.464000000000000057e+01
9.815600000000000591e+01 8.490999999999999659e+01
9.834600000000000364e+01 8.460999999999999943e+01
9.839600000000000080e+01 8.468999999999999773e+01
9.839000000000000057e+01 8.464000000000000057e+01
9.848199999999999932e+01 8.465999999999999659e+01
9.849399999999999977e+01 8.439000000000000057e+01
9.866400000000000148e+01 8.478000000000000114e+01
9.869400000000000261e+01 8.443999999999999773e+01
9.867400000000000659e+01 8.453000000000000114e+01
9.869400000000000261e+01 8.409000000000000341e+01
9.883799999999999386e+01 8.493999999999999773e+01
9.883599999999999852e+01 8.431000000000000227e+01
9.874200000000000443e+01 8.406999999999999318e+01
9.878400000000000603e+01 8.462000000000000455e+01
9.876800000000000068e+01 8.442000000000000171e+01
9.884399999999999409e+01 8.459000000000000341e+01
9.884600000000000364e+01 8.460999999999999943e+01
9.895999999999999375e+01 8.431000000000000227e+01
9.883599999999999852e+01 8.440999999999999659e+01
9.910399999999999920e+01 8.446999999999999886e+01
9.906799999999999784e+01 8.468000000000000682e+01
9.885800000000000409e+01 8.440999999999999659e+01
9.892600000000000193e+01 8.428000000000000114e+01
9.893000000000000682e+01 8.439000000000000057e+01
9.902599999999999625e+01 8.454999999999999716e+01
9.887199999999999989e+01 8.426999999999999602e+01
9.903000000000000114e+01 8.437999999999999545e+01
9.894799999999999329e+01 8.429999999999999716e+01
9.895000000000000284e+01 8.471999999999999886e+01
9.897400000000000375e+01 8.451000000000000512e+01
