1.071799999999999997e+01 3.503000000000000114e+01
4.075399999999999778e+01 5.534000000000000341e+01
5.648199999999999932e+01 6.368999999999999773e+01
6.347399999999999665e+01 6.848999999999999488e+01
6.762800000000000011e+01 7.093999999999999773e+01
7.048799999999999955e+01 7.235999999999999943e+01
7.234600000000000364e+01 7.451999999999999602e+01
7.397400000000000375e+01 7.509999999999999432e+01
7.582399999999999807e+01 7.662000000000000455e+01
7.693000000000000682e+01 7.734000000000000341e+01
7.809399999999999409e+01 7.812999999999999545e+01
7.897199999999999420e+01 7.846999999999999886e+01
7.962600000000000477e+01 7.879000000000000625e+01
8.060599999999999454e+01 7.940000000000000568e+01
8.123600000000000421e+01 7.992000000000000171e+01
8.199399999999999977e+01 8.035999999999999943e+01
8.270000000000000284e+01 8.054000000000000625e+01
8.323600000000000421e+01 8.045000000000000284e+01
8.371800000000000352e+01 8.106999999999999318e+01
8.425000000000000000e+01 8.115000000000000568e+01
8.473799999999999955e+01 8.134999999999999432e+01
8.526800000000000068e+01 8.148999999999999488e+01
8.578600000000000136e+01 8.139000000000000057e+01
8.623199999999999932e+01 8.156000000000000227e+01
8.643600000000000705e+01 8.185999999999999943e+01
8.680599999999999739e+01 8.209999999999999432e+01
8.726600000000000534e+01 8.209999999999999432e+01
8.773000000000000398e+01 8.198999999999999488e+01
8.787999999999999545e+01 8.229999999999999716e+01
8.817799999999999727e+01 8.223999999999999488e+01
8.850199999999999534e+01 8.240999999999999659e+01
8.881799999999999784e+01 8.267000000000000171e+01
8.909999999999999432e+01 8.264000000000000057e+01
8.948399999999999466e+01 8.279000000000000625e+01
8.986400000000000432e+01 8.284000000000000341e+01
8.985200000000000387e+01 8.276999999999999602e+01
9.036400000000000432e+01 8.290999999999999659e+01
9.045000000000000284e+01 8.289000000000000057e+01
9.087000000000000455e+01 8.290999999999999659e+01
9.114600000000000080e+01 8.298999999999999488e+01
9.132200000000000273e+01 8.300000000000000000e+01
9.159399999999999409e+01 8.306000000000000227e+01
9.161400000000000432e+01 8.329999999999999716e+01
9.196800000000000352e+01 8.306000000000000227e+01
9.210599999999999454e+01 8.314000000000000057e+01
9.244599999999999795e+01 8.325000000000000000e+01
9.236400000000000432e+01 8.334000000000000341e+01
9.265000000000000568e+01 8.346999999999999886e+01
9.279999999999999716e+01 8.329999999999999716e+01
9.300600000000000023e+01 8.345000000000000284e+01
