3.933200000000000074e+01 6.815999999999999659e+01
7.178000000000000114e+01 7.701999999999999602e+01
7.927400000000000091e+01 7.996999999999999886e+01
8.327200000000000557e+01 8.107999999999999829e+01
8.625400000000000489e+01 8.182999999999999829e+01
8.833599999999999852e+01 8.268000000000000682e+01
9.012000000000000455e+01 8.267000000000000171e+01
9.143600000000000705e+01 8.304999999999999716e+01
9.263200000000000500e+01 8.301999999999999602e+01
9.368800000000000239e+01 8.326000000000000512e+01
9.448600000000000421e+01 8.296999999999999886e+01
9.519400000000000261e+01 8.337999999999999545e+01
9.557800000000000296e+01 8.326999999999999602e+01
9.610999999999999943e+01 8.335999999999999943e+01
9.642000000000000171e+01 8.345999999999999375e+01
9.682399999999999807e+01 8.373999999999999488e+01
9.686400000000000432e+01 8.373000000000000398e+01
9.717400000000000659e+01 8.412000000000000455e+01
9.751999999999999602e+01 8.385999999999999943e+01
9.765200000000000102e+01 8.412999999999999545e+01
9.791200000000000614e+01 8.403000000000000114e+01
9.824200000000000443e+01 8.384999999999999432e+01
9.822400000000000375e+01 8.398000000000000398e+01
9.812600000000000477e+01 8.376000000000000512e+01
9.831600000000000250e+01 8.392000000000000171e+01
9.849800000000000466e+01 8.432999999999999829e+01
9.849200000000000443e+01 8.404999999999999716e+01
9.863200000000000500e+01 8.406000000000000227e+01
9.863599999999999568e+01 8.407999999999999829e+01
9.864000000000000057e+01 8.426999999999999602e+01
9.880200000000000671e+01 8.431999999999999318e+01
9.885599999999999454e+01 8.406000000000000227e+01
9.879600000000000648e+01 8.390000000000000568e+01
9.894799999999999329e+01 8.396999999999999886e+01
9.902599999999999625e+01 8.396999999999999886e+01
9.902599999999999625e+01 8.414000000000000057e+01
9.898600000000000421e+01 8.423000000000000398e+01
9.901200000000000045e+01 8.370999999999999375e+01
9.902599999999999625e+01 8.401000000000000512e+01
9.903799999999999670e+01 8.429999999999999716e+01
9.903799999999999670e+01 8.407999999999999829e+01
9.910599999999999454e+01 8.410999999999999943e+01
9.917799999999999727e+01 8.467000000000000171e+01
9.913599999999999568e+01 8.423000000000000398e+01
9.919400000000000261e+01 8.401000000000000512e+01
9.923999999999999488e+01 8.410999999999999943e+01
9.920199999999999818e+01 8.384999999999999432e+01
9.918000000000000682e+01 8.404999999999999716e+01
9.927599999999999625e+01 8.429999999999999716e+01
9.917400000000000659e+01 8.421999999999999886e+01
