1.462400000000000055e+01 4.528999999999999915e+01
5.577000000000000313e+01 6.750000000000000000e+01
6.980599999999999739e+01 7.359999999999999432e+01
7.560599999999999454e+01 7.704000000000000625e+01
7.941200000000000614e+01 7.904999999999999716e+01
8.208400000000000318e+01 7.995999999999999375e+01
8.434799999999999898e+01 8.057999999999999829e+01
8.604000000000000625e+01 8.134999999999999432e+01
8.791400000000000148e+01 8.210999999999999943e+01
8.919400000000000261e+01 8.218999999999999773e+01
9.028199999999999648e+01 8.251000000000000512e+01
9.137399999999999523e+01 8.265999999999999659e+01
9.242199999999999704e+01 8.276000000000000512e+01
9.321399999999999864e+01 8.312000000000000455e+01
9.384399999999999409e+01 8.331000000000000227e+01
9.439799999999999613e+01 8.309000000000000341e+01
9.495799999999999841e+01 8.332999999999999829e+01
9.542199999999999704e+01 8.348999999999999488e+01
9.591599999999999682e+01 8.350000000000000000e+01
9.603600000000000136e+01 8.342000000000000171e+01
9.658599999999999852e+01 8.353000000000000114e+01
9.684000000000000341e+01 8.345999999999999375e+01
9.719199999999999307e+01 8.345000000000000284e+01
9.729200000000000159e+01 8.343000000000000682e+01
9.755800000000000693e+01 8.354999999999999716e+01
9.771800000000000352e+01 8.343999999999999773e+01
9.779999999999999716e+01 8.353000000000000114e+01
9.806600000000000250e+01 8.350000000000000000e+01
9.802599999999999625e+01 8.350000000000000000e+01
9.818999999999999773e+01 8.321999999999999886e+01
9.834399999999999409e+01 8.348999999999999488e+01
9.848000000000000398e+01 8.376000000000000512e+01
9.842199999999999704e+01 8.351000000000000512e+01
9.851999999999999602e+01 8.382999999999999829e+01
9.856399999999999295e+01 8.353000000000000114e+01
9.863599999999999568e+01 8.396999999999999886e+01
9.879800000000000182e+01 8.393999999999999773e+01
9.877599999999999625e+01 8.381000000000000227e+01
9.877800000000000580e+01 8.368999999999999773e+01
9.883199999999999363e+01 8.384000000000000341e+01
9.892000000000000171e+01 8.406000000000000227e+01
9.894599999999999795e+01 8.373000000000000398e+01
9.896200000000000330e+01 8.360999999999999943e+01
9.900199999999999534e+01 8.375000000000000000e+01
9.901800000000000068e+01 8.364000000000000057e+01
9.899200000000000443e+01 8.354000000000000625e+01
9.907800000000000296e+01 8.354999999999999716e+01
9.911199999999999477e+01 8.375000000000000000e+01
9.903199999999999648e+01 8.326000000000000512e+01
9.920199999999999818e+01 8.381000000000000227e+01
