2.508000000000000007e+00 9.669999999999999929e+00
1.619200000000000017e+01 2.941000000000000014e+01
3.531400000000000006e+01 4.592999999999999972e+01
5.099799999999999756e+01 5.899000000000000199e+01
6.153799999999999670e+01 6.657999999999999829e+01
6.803000000000000114e+01 7.085999999999999943e+01
7.243000000000000682e+01 7.368999999999999773e+01
7.578799999999999670e+01 7.587999999999999545e+01
7.814400000000000546e+01 7.707999999999999829e+01
8.037999999999999545e+01 7.846999999999999886e+01
8.223999999999999488e+01 7.923999999999999488e+01
8.404000000000000625e+01 7.993000000000000682e+01
8.531600000000000250e+01 8.034999999999999432e+01
8.659799999999999898e+01 8.082999999999999829e+01
8.765600000000000591e+01 8.151999999999999602e+01
8.878000000000000114e+01 8.162000000000000455e+01
8.957399999999999807e+01 8.190000000000000568e+01
9.029000000000000625e+01 8.237999999999999545e+01
9.112000000000000455e+01 8.223999999999999488e+01
9.211400000000000432e+01 8.215999999999999659e+01
9.268999999999999773e+01 8.234999999999999432e+01
9.328600000000000136e+01 8.273999999999999488e+01
9.370399999999999352e+01 8.265999999999999659e+01
9.437000000000000455e+01 8.300000000000000000e+01
9.469400000000000261e+01 8.287999999999999545e+01
9.517199999999999704e+01 8.295000000000000284e+01
9.561400000000000432e+01 8.314000000000000057e+01
9.590200000000000102e+01 8.318999999999999773e+01
9.618600000000000705e+01 8.328000000000000114e+01
9.651600000000000534e+01 8.315999999999999659e+01
9.672799999999999443e+01 8.315000000000000568e+01
9.696599999999999397e+01 8.328000000000000114e+01
9.714400000000000546e+01 8.346999999999999886e+01
9.731399999999999295e+01 8.343000000000000682e+01
9.767000000000000171e+01 8.337000000000000455e+01
9.763400000000000034e+01 8.337000000000000455e+01
9.790999999999999659e+01 8.339000000000000057e+01
9.796200000000000330e+01 8.356999999999999318e+01
9.817000000000000171e+01 8.337000000000000455e+01
9.815999999999999659e+01 8.373000000000000398e+01
9.830599999999999739e+01 8.375000000000000000e+01
9.838200000000000500e+01 8.359999999999999432e+01
9.847599999999999909e+01 8.370999999999999375e+01
9.863400000000000034e+01 8.356999999999999318e+01
9.874399999999999977e+01 8.395999999999999375e+01
9.870399999999999352e+01 8.360999999999999943e+01
9.878400000000000603e+01 8.381000000000000227e+01
9.892000000000000171e+01 8.381000000000000227e+01
9.873799999999999955e+01 8.392000000000000171e+01
9.890800000000000125e+01 8.360999999999999943e+01
