3.914999999999999858e+01 6.964000000000000057e+01
7.261799999999999500e+01 7.779999999999999716e+01
8.010800000000000409e+01 8.084000000000000341e+01
8.421599999999999397e+01 8.237999999999999545e+01
8.673999999999999488e+01 8.314000000000000057e+01
8.931799999999999784e+01 8.375000000000000000e+01
9.081199999999999761e+01 8.387999999999999545e+01
9.242799999999999727e+01 8.426000000000000512e+01
9.332999999999999829e+01 8.418000000000000682e+01
9.418200000000000216e+01 8.435999999999999943e+01
9.527200000000000557e+01 8.432999999999999829e+01
9.578199999999999648e+01 8.431999999999999318e+01
9.634600000000000364e+01 8.464000000000000057e+01
9.663800000000000523e+01 8.481000000000000227e+01
9.719799999999999329e+01 8.473000000000000398e+01
9.748600000000000421e+01 8.493999999999999773e+01
9.767799999999999727e+01 8.490000000000000568e+01
9.775600000000000023e+01 8.484000000000000341e+01
9.803600000000000136e+01 8.485999999999999943e+01
9.826999999999999602e+01 8.504999999999999716e+01
9.834199999999999875e+01 8.484000000000000341e+01
9.848799999999999955e+01 8.531000000000000227e+01
9.856199999999999761e+01 8.515000000000000568e+01
9.864199999999999591e+01 8.473000000000000398e+01
9.869599999999999795e+01 8.479999999999999716e+01
9.870600000000000307e+01 8.501999999999999602e+01
9.878799999999999670e+01 8.496999999999999886e+01
9.889799999999999613e+01 8.479000000000000625e+01
9.894400000000000261e+01 8.476000000000000512e+01
9.893399999999999750e+01 8.501999999999999602e+01
9.903400000000000603e+01 8.509000000000000341e+01
9.902200000000000557e+01 8.528000000000000114e+01
9.909199999999999875e+01 8.528000000000000114e+01
9.896999999999999886e+01 8.521999999999999886e+01
9.910999999999999943e+01 8.509000000000000341e+01
9.913599999999999568e+01 8.523999999999999488e+01
9.919599999999999795e+01 8.512999999999999545e+01
9.912800000000000011e+01 8.514000000000000057e+01
9.924800000000000466e+01 8.529000000000000625e+01
9.925600000000000023e+01 8.504999999999999716e+01
9.922799999999999443e+01 8.534999999999999432e+01
9.927800000000000580e+01 8.512000000000000455e+01
9.925400000000000489e+01 8.506000000000000227e+01
9.924399999999999977e+01 8.509999999999999432e+01
9.927800000000000580e+01 8.525000000000000000e+01
9.921999999999999886e+01 8.529000000000000625e+01
9.932800000000000296e+01 8.493999999999999773e+01
9.927599999999999625e+01 8.528000000000000114e+01
9.928600000000000136e+01 8.495999999999999375e+01
9.931600000000000250e+01 8.495000000000000284e+01
