2.304200000000000159e+01 5.574000000000000199e+01
6.144599999999999795e+01 7.132999999999999829e+01
7.225400000000000489e+01 7.625000000000000000e+01
7.708799999999999386e+01 7.898000000000000398e+01
8.063599999999999568e+01 8.062000000000000455e+01
8.306999999999999318e+01 8.134000000000000341e+01
8.501399999999999579e+01 8.206000000000000227e+01
8.670600000000000307e+01 8.284999999999999432e+01
8.817799999999999727e+01 8.317000000000000171e+01
8.957800000000000296e+01 8.350000000000000000e+01
9.060200000000000387e+01 8.373999999999999488e+01
9.137600000000000477e+01 8.404000000000000625e+01
9.232999999999999829e+01 8.423999999999999488e+01
9.320199999999999818e+01 8.454000000000000625e+01
9.379399999999999693e+01 8.428000000000000114e+01
9.448000000000000398e+01 8.443000000000000682e+01
9.481199999999999761e+01 8.453000000000000114e+01
9.516400000000000148e+01 8.462999999999999545e+01
9.590000000000000568e+01 8.448000000000000398e+01
9.627400000000000091e+01 8.442000000000000171e+01
9.644799999999999329e+01 8.479000000000000625e+01
9.686400000000000432e+01 8.448000000000000398e+01
9.710200000000000387e+01 8.459999999999999432e+01
9.728600000000000136e+01 8.471999999999999886e+01
9.750199999999999534e+01 8.484000000000000341e+01
9.770799999999999841e+01 8.473000000000000398e+01
9.781199999999999761e+01 8.462999999999999545e+01
9.798799999999999955e+01 8.484999999999999432e+01
9.810999999999999943e+01 8.515999999999999659e+01
9.813400000000000034e+01 8.493000000000000682e+01
9.829999999999999716e+01 8.487999999999999545e+01
9.840600000000000591e+01 8.512999999999999545e+01
9.852200000000000557e+01 8.507999999999999829e+01
9.854200000000000159e+01 8.506000000000000227e+01
9.863400000000000034e+01 8.531000000000000227e+01
9.873199999999999932e+01 8.514000000000000057e+01
9.872799999999999443e+01 8.531999999999999318e+01
9.868000000000000682e+01 8.506000000000000227e+01
9.879000000000000625e+01 8.515000000000000568e+01
9.880800000000000693e+01 8.506999999999999318e+01
9.888200000000000500e+01 8.509999999999999432e+01
9.890399999999999636e+01 8.517000000000000171e+01
9.893800000000000239e+01 8.487000000000000455e+01
9.892199999999999704e+01 8.501999999999999602e+01
9.902599999999999625e+01 8.498999999999999488e+01
9.911199999999999477e+01 8.545999999999999375e+01
9.908799999999999386e+01 8.518999999999999773e+01
9.903400000000000603e+01 8.515000000000000568e+01
9.917000000000000171e+01 8.473000000000000398e+01
9.914799999999999613e+01 8.509999999999999432e+01
