6.935399999999999920e+01 8.673999999999999488e+01
8.919799999999999329e+01 9.106000000000000227e+01
9.242199999999999704e+01 9.285999999999999943e+01
9.401399999999999579e+01 9.364000000000000057e+01
9.505800000000000693e+01 9.418999999999999773e+01
9.576000000000000512e+01 9.451000000000000512e+01
9.655400000000000205e+01 9.484000000000000341e+01
9.701000000000000512e+01 9.495999999999999375e+01
9.740399999999999636e+01 9.498999999999999488e+01
9.784000000000000341e+01 9.531999999999999318e+01
9.802599999999999625e+01 9.540999999999999659e+01
9.829200000000000159e+01 9.551000000000000512e+01
9.843399999999999750e+01 9.534000000000000341e+01
9.869799999999999329e+01 9.534000000000000341e+01
9.879800000000000182e+01 9.542000000000000171e+01
9.899399999999999977e+01 9.556999999999999318e+01
9.897400000000000375e+01 9.573999999999999488e+01
9.903600000000000136e+01 9.568999999999999773e+01
9.916599999999999682e+01 9.564000000000000057e+01
9.920399999999999352e+01 9.548000000000000398e+01
9.929800000000000182e+01 9.545999999999999375e+01
9.928199999999999648e+01 9.576000000000000512e+01
9.933400000000000318e+01 9.573999999999999488e+01
9.927599999999999625e+01 9.590999999999999659e+01
9.940999999999999659e+01 9.581000000000000227e+01
9.935200000000000387e+01 9.576000000000000512e+01
9.946599999999999397e+01 9.576000000000000512e+01
9.947199999999999420e+01 9.581999999999999318e+01
9.951399999999999579e+01 9.567000000000000171e+01
9.951800000000000068e+01 9.571999999999999886e+01
9.952200000000000557e+01 9.562000000000000455e+01
9.959399999999999409e+01 9.559999999999999432e+01
9.952400000000000091e+01 9.557999999999999829e+01
9.961599999999999966e+01 9.582999999999999829e+01
9.960800000000000409e+01 9.573000000000000398e+01
9.962399999999999523e+01 9.598000000000000398e+01
9.962800000000000011e+01 9.582999999999999829e+01
9.966400000000000148e+01 9.584000000000000341e+01
9.969199999999999307e+01 9.589000000000000057e+01
9.969400000000000261e+01 9.609000000000000341e+01
9.972599999999999909e+01 9.584000000000000341e+01
9.967600000000000193e+01 9.590999999999999659e+01
9.971999999999999886e+01 9.600000000000000000e+01
9.968800000000000239e+01 9.595999999999999375e+01
9.967600000000000193e+01 9.584999999999999432e+01
9.969599999999999795e+01 9.600000000000000000e+01
9.975400000000000489e+01 9.606999999999999318e+01
9.969199999999999307e+01 9.600000000000000000e+01
9.975000000000000000e+01 9.610999999999999943e+01
9.977599999999999625e+01 9.598000000000000398e+01
