5.207600000000000051e+01 7.010999999999999943e+01
7.215399999999999636e+01 7.554000000000000625e+01
7.802400000000000091e+01 7.845999999999999375e+01
8.167799999999999727e+01 7.984999999999999432e+01
8.434999999999999432e+01 8.017000000000000171e+01
8.652200000000000557e+01 8.106999999999999318e+01
8.828400000000000603e+01 8.167000000000000171e+01
8.956199999999999761e+01 8.159999999999999432e+01
9.100400000000000489e+01 8.221999999999999886e+01
9.219199999999999307e+01 8.284000000000000341e+01
9.288800000000000523e+01 8.203000000000000114e+01
9.375799999999999557e+01 8.198000000000000398e+01
9.429000000000000625e+01 8.270000000000000284e+01
9.497799999999999443e+01 8.284000000000000341e+01
9.545000000000000284e+01 8.262000000000000455e+01
9.610599999999999454e+01 8.259999999999999432e+01
9.615000000000000568e+01 8.268000000000000682e+01
9.649200000000000443e+01 8.223999999999999488e+01
9.676000000000000512e+01 8.256000000000000227e+01
9.699599999999999511e+01 8.231000000000000227e+01
9.725199999999999534e+01 8.270999999999999375e+01
9.741599999999999682e+01 8.245000000000000284e+01
9.741800000000000637e+01 8.260999999999999943e+01
9.753199999999999648e+01 8.268000000000000682e+01
9.784600000000000364e+01 8.293000000000000682e+01
9.789799999999999613e+01 8.262999999999999545e+01
9.789199999999999591e+01 8.281000000000000227e+01
9.801399999999999579e+01 8.295999999999999375e+01
9.805200000000000671e+01 8.298000000000000398e+01
9.820199999999999818e+01 8.243999999999999773e+01
9.826999999999999602e+01 8.256999999999999318e+01
9.813400000000000034e+01 8.320000000000000284e+01
9.820199999999999818e+01 8.295000000000000284e+01
9.840000000000000568e+01 8.231999999999999318e+01
9.842199999999999704e+01 8.296999999999999886e+01
9.842199999999999704e+01 8.293000000000000682e+01
9.854800000000000182e+01 8.284000000000000341e+01
9.845799999999999841e+01 8.290999999999999659e+01
9.850000000000000000e+01 8.307999999999999829e+01
9.848399999999999466e+01 8.323000000000000398e+01
9.863599999999999568e+01 8.281999999999999318e+01
9.861599999999999966e+01 8.284999999999999432e+01
9.862399999999999523e+01 8.312999999999999545e+01
9.870199999999999818e+01 8.315000000000000568e+01
9.875799999999999557e+01 8.298999999999999488e+01
9.865800000000000125e+01 8.278000000000000114e+01
9.872400000000000375e+01 8.256999999999999318e+01
9.871200000000000330e+01 8.298999999999999488e+01
9.887000000000000455e+01 8.220999999999999375e+01
9.876000000000000512e+01 8.229000000000000625e+01
