4.111399999999999721e+01 7.034999999999999432e+01
7.321399999999999864e+01 7.829999999999999716e+01
8.033799999999999386e+01 8.034999999999999432e+01
8.412000000000000455e+01 8.140000000000000568e+01
8.709999999999999432e+01 8.228000000000000114e+01
8.929000000000000625e+01 8.218999999999999773e+01
9.097799999999999443e+01 8.259000000000000341e+01
9.246200000000000330e+01 8.301000000000000512e+01
9.351200000000000045e+01 8.282999999999999829e+01
9.447799999999999443e+01 8.259000000000000341e+01
9.501600000000000534e+01 8.326999999999999602e+01
9.562399999999999523e+01 8.304999999999999716e+01
9.612000000000000455e+01 8.273000000000000398e+01
9.661599999999999966e+01 8.354000000000000625e+01
9.677800000000000580e+01 8.353000000000000114e+01
9.707800000000000296e+01 8.371999999999999886e+01
9.734799999999999898e+01 8.398000000000000398e+01
9.754600000000000648e+01 8.306000000000000227e+01
9.763400000000000034e+01 8.365000000000000568e+01
9.791800000000000637e+01 8.334000000000000341e+01
9.807999999999999829e+01 8.367000000000000171e+01
9.812399999999999523e+01 8.370000000000000284e+01
9.819799999999999329e+01 8.318999999999999773e+01
9.830400000000000205e+01 8.312000000000000455e+01
9.845600000000000307e+01 8.332999999999999829e+01
9.853600000000000136e+01 8.351000000000000512e+01
9.865000000000000568e+01 8.375000000000000000e+01
9.856999999999999318e+01 8.345000000000000284e+01
9.860599999999999454e+01 8.368999999999999773e+01
9.866200000000000614e+01 8.359000000000000341e+01
9.861799999999999500e+01 8.368999999999999773e+01
9.881199999999999761e+01 8.348999999999999488e+01
9.894400000000000261e+01 8.326999999999999602e+01
9.888400000000000034e+01 8.370999999999999375e+01
9.890200000000000102e+01 8.375000000000000000e+01
9.894199999999999307e+01 8.403000000000000114e+01
9.908199999999999363e+01 8.418000000000000682e+01
9.911799999999999500e+01 8.387000000000000455e+01
9.905800000000000693e+01 8.387999999999999545e+01
9.912999999999999545e+01 8.362999999999999545e+01
9.913599999999999568e+01 8.418000000000000682e+01
9.915800000000000125e+01 8.395999999999999375e+01
9.926399999999999579e+01 8.392000000000000171e+01
9.926399999999999579e+01 8.362000000000000455e+01
9.916200000000000614e+01 8.350000000000000000e+01
9.911199999999999477e+01 8.357999999999999829e+01
9.921999999999999886e+01 8.387999999999999545e+01
9.923999999999999488e+01 8.404999999999999716e+01
9.920399999999999352e+01 8.398999999999999488e+01
9.925799999999999557e+01 8.343999999999999773e+01
