1.236200000000000010e+01 4.360000000000000142e+01
5.199600000000000222e+01 6.493999999999999773e+01
6.725799999999999557e+01 7.312999999999999545e+01
7.353199999999999648e+01 7.584000000000000341e+01
7.784600000000000364e+01 7.842000000000000171e+01
8.028000000000000114e+01 7.987000000000000455e+01
8.262999999999999545e+01 8.073999999999999488e+01
8.445000000000000284e+01 8.123000000000000398e+01
8.581199999999999761e+01 8.165999999999999659e+01
8.733400000000000318e+01 8.215000000000000568e+01
8.850600000000000023e+01 8.220999999999999375e+01
8.957399999999999807e+01 8.257999999999999829e+01
9.050000000000000000e+01 8.303000000000000114e+01
9.130200000000000671e+01 8.301000000000000512e+01
9.224800000000000466e+01 8.296999999999999886e+01
9.292600000000000193e+01 8.329000000000000625e+01
9.352800000000000580e+01 8.350000000000000000e+01
9.406000000000000227e+01 8.339000000000000057e+01
9.460800000000000409e+01 8.328000000000000114e+01
9.516400000000000148e+01 8.312000000000000455e+01
9.556799999999999784e+01 8.354000000000000625e+01
9.592000000000000171e+01 8.360999999999999943e+01
9.618399999999999750e+01 8.370999999999999375e+01
9.649200000000000443e+01 8.370999999999999375e+01
9.687999999999999545e+01 8.373000000000000398e+01
9.699599999999999511e+01 8.379000000000000625e+01
9.732200000000000273e+01 8.378000000000000114e+01
9.740399999999999636e+01 8.359999999999999432e+01
9.753799999999999670e+01 8.359000000000000341e+01
9.768600000000000705e+01 8.362999999999999545e+01
9.793000000000000682e+01 8.356999999999999318e+01
9.803400000000000603e+01 8.371999999999999886e+01
9.792799999999999727e+01 8.381999999999999318e+01
9.818200000000000216e+01 8.379999999999999716e+01
9.823999999999999488e+01 8.395000000000000284e+01
9.842000000000000171e+01 8.401999999999999602e+01
9.847799999999999443e+01 8.404999999999999716e+01
9.848799999999999955e+01 8.395999999999999375e+01
9.859399999999999409e+01 8.392000000000000171e+01
9.871999999999999886e+01 8.407999999999999829e+01
9.868999999999999773e+01 8.415000000000000568e+01
9.877599999999999625e+01 8.434000000000000341e+01
9.880800000000000693e+01 8.431000000000000227e+01
9.884799999999999898e+01 8.428000000000000114e+01
9.889000000000000057e+01 8.407999999999999829e+01
9.889000000000000057e+01 8.420000000000000284e+01
9.890800000000000125e+01 8.398000000000000398e+01
9.902200000000000557e+01 8.407999999999999829e+01
9.900799999999999557e+01 8.425000000000000000e+01
9.902400000000000091e+01 8.437999999999999545e+01
