5.016599999999999682e+01 8.303000000000000114e+01
8.705599999999999739e+01 9.129999999999999716e+01
9.173999999999999488e+01 9.312000000000000455e+01
9.401999999999999602e+01 9.426000000000000512e+01
9.537000000000000455e+01 9.448999999999999488e+01
9.626399999999999579e+01 9.515000000000000568e+01
9.683799999999999386e+01 9.520999999999999375e+01
9.755599999999999739e+01 9.517000000000000171e+01
9.789000000000000057e+01 9.540000000000000568e+01
9.823000000000000398e+01 9.546999999999999886e+01
9.845799999999999841e+01 9.520000000000000284e+01
9.866200000000000614e+01 9.535999999999999943e+01
9.868800000000000239e+01 9.523999999999999488e+01
9.890399999999999636e+01 9.546999999999999886e+01
9.905599999999999739e+01 9.562000000000000455e+01
9.900799999999999557e+01 9.562999999999999545e+01
9.921399999999999864e+01 9.562999999999999545e+01
9.914799999999999613e+01 9.573000000000000398e+01
9.925600000000000023e+01 9.556999999999999318e+01
9.937000000000000455e+01 9.581999999999999318e+01
9.928600000000000136e+01 9.592000000000000171e+01
9.942199999999999704e+01 9.585999999999999943e+01
9.933199999999999363e+01 9.550000000000000000e+01
9.940600000000000591e+01 9.570999999999999375e+01
9.944599999999999795e+01 9.585999999999999943e+01
9.946599999999999397e+01 9.567000000000000171e+01
9.944799999999999329e+01 9.576999999999999602e+01
9.954200000000000159e+01 9.589000000000000057e+01
9.947400000000000375e+01 9.593999999999999773e+01
9.951000000000000512e+01 9.607999999999999829e+01
9.957999999999999829e+01 9.559000000000000341e+01
9.956600000000000250e+01 9.601000000000000512e+01
9.956000000000000227e+01 9.595000000000000284e+01
9.959000000000000341e+01 9.560999999999999943e+01
9.960200000000000387e+01 9.598000000000000398e+01
9.964000000000000057e+01 9.579999999999999716e+01
9.962000000000000455e+01 9.593000000000000682e+01
9.959199999999999875e+01 9.612000000000000455e+01
9.967199999999999704e+01 9.592000000000000171e+01
9.968000000000000682e+01 9.575000000000000000e+01
9.967400000000000659e+01 9.584000000000000341e+01
9.963599999999999568e+01 9.584000000000000341e+01
9.965800000000000125e+01 9.581000000000000227e+01
9.969799999999999329e+01 9.604999999999999716e+01
9.973000000000000398e+01 9.610999999999999943e+01
9.966800000000000637e+01 9.582999999999999829e+01
9.965800000000000125e+01 9.614000000000000057e+01
9.970999999999999375e+01 9.606000000000000227e+01
9.967600000000000193e+01 9.612999999999999545e+01
9.976399999999999579e+01 9.587999999999999545e+01
