8.983999999999999986e+00 3.557000000000000028e+01
4.804999999999999716e+01 6.421999999999999886e+01
6.637800000000000011e+01 7.260999999999999943e+01
7.387199999999999989e+01 7.604999999999999716e+01
7.801600000000000534e+01 7.842000000000000171e+01
8.156999999999999318e+01 7.945000000000000284e+01
8.377200000000000557e+01 7.982999999999999829e+01
8.571399999999999864e+01 8.087999999999999545e+01
8.763800000000000523e+01 8.109999999999999432e+01
8.899399999999999977e+01 8.175000000000000000e+01
9.037000000000000455e+01 8.151999999999999602e+01
9.145199999999999818e+01 8.223000000000000398e+01
9.231000000000000227e+01 8.201999999999999602e+01
9.331199999999999761e+01 8.220999999999999375e+01
9.393399999999999750e+01 8.200000000000000000e+01
9.466400000000000148e+01 8.223000000000000398e+01
9.513599999999999568e+01 8.254000000000000625e+01
9.538599999999999568e+01 8.198999999999999488e+01
9.591400000000000148e+01 8.232999999999999829e+01
9.613800000000000523e+01 8.231999999999999318e+01
9.641200000000000614e+01 8.223000000000000398e+01
9.682399999999999807e+01 8.248999999999999488e+01
9.710800000000000409e+01 8.281000000000000227e+01
9.712600000000000477e+01 8.273000000000000398e+01
9.724200000000000443e+01 8.254000000000000625e+01
9.753199999999999648e+01 8.242000000000000171e+01
9.748000000000000398e+01 8.273999999999999488e+01
9.767799999999999727e+01 8.293999999999999773e+01
9.775799999999999557e+01 8.306999999999999318e+01
9.777599999999999625e+01 8.265999999999999659e+01
9.809600000000000364e+01 8.298000000000000398e+01
9.812000000000000455e+01 8.237999999999999545e+01
9.815399999999999636e+01 8.315999999999999659e+01
9.821999999999999886e+01 8.231000000000000227e+01
9.820799999999999841e+01 8.248999999999999488e+01
9.830599999999999739e+01 8.245000000000000284e+01
9.843999999999999773e+01 8.310999999999999943e+01
9.849599999999999511e+01 8.246999999999999886e+01
9.850199999999999534e+01 8.257999999999999829e+01
9.859000000000000341e+01 8.284999999999999432e+01
9.854999999999999716e+01 8.215000000000000568e+01
9.864000000000000057e+01 8.273999999999999488e+01
9.869400000000000261e+01 8.248999999999999488e+01
9.851600000000000534e+01 8.231999999999999318e+01
9.868600000000000705e+01 8.285999999999999943e+01
9.890399999999999636e+01 8.242000000000000171e+01
9.883199999999999363e+01 8.250000000000000000e+01
9.877400000000000091e+01 8.254000000000000625e+01
9.892400000000000659e+01 8.282999999999999829e+01
9.876999999999999602e+01 8.250000000000000000e+01
