5.503799999999999670e+01 7.379999999999999716e+01
7.717600000000000193e+01 7.918999999999999773e+01
8.422400000000000375e+01 8.087000000000000455e+01
8.801600000000000534e+01 8.212000000000000455e+01
9.116800000000000637e+01 8.242000000000000171e+01
9.320000000000000284e+01 8.254999999999999716e+01
9.455200000000000671e+01 8.309000000000000341e+01
9.575799999999999557e+01 8.284999999999999432e+01
9.623600000000000421e+01 8.335999999999999943e+01
9.685999999999999943e+01 8.331000000000000227e+01
9.731199999999999761e+01 8.337999999999999545e+01
9.758400000000000318e+01 8.343000000000000682e+01
9.763599999999999568e+01 8.289000000000000057e+01
9.791200000000000614e+01 8.307999999999999829e+01
9.798999999999999488e+01 8.326999999999999602e+01
9.820199999999999818e+01 8.343999999999999773e+01
9.823000000000000398e+01 8.320000000000000284e+01
9.834600000000000364e+01 8.359000000000000341e+01
9.847199999999999420e+01 8.276000000000000512e+01
9.843800000000000239e+01 8.287999999999999545e+01
9.859199999999999875e+01 8.262999999999999545e+01
9.861799999999999500e+01 8.278000000000000114e+01
9.862999999999999545e+01 8.281999999999999318e+01
9.869799999999999329e+01 8.295999999999999375e+01
9.865000000000000568e+01 8.343999999999999773e+01
9.868000000000000682e+01 8.273000000000000398e+01
9.885999999999999943e+01 8.293000000000000682e+01
9.871599999999999397e+01 8.276999999999999602e+01
9.885399999999999920e+01 8.279999999999999716e+01
9.882399999999999807e+01 8.301000000000000512e+01
9.881799999999999784e+01 8.314000000000000057e+01
9.887600000000000477e+01 8.326999999999999602e+01
9.884000000000000341e+01 8.337999999999999545e+01
9.885800000000000409e+01 8.301000000000000512e+01
9.882800000000000296e+01 8.309999999999999432e+01
9.886199999999999477e+01 8.279000000000000625e+01
9.884199999999999875e+01 8.273000000000000398e+01
9.891400000000000148e+01 8.318000000000000682e+01
9.890600000000000591e+01 8.337999999999999545e+01
9.892000000000000171e+01 8.337999999999999545e+01
9.894400000000000261e+01 8.340999999999999659e+01
9.887399999999999523e+01 8.370000000000000284e+01
9.895399999999999352e+01 8.290999999999999659e+01
9.898600000000000421e+01 8.307999999999999829e+01
9.899200000000000443e+01 8.300000000000000000e+01
9.906000000000000227e+01 8.307999999999999829e+01
9.898199999999999932e+01 8.279999999999999716e+01
9.896599999999999397e+01 8.301999999999999602e+01
9.904399999999999693e+01 8.340999999999999659e+01
9.901200000000000045e+01 8.293999999999999773e+01
