3.569400000000000261e+01 6.890000000000000568e+01
7.704000000000000625e+01 8.482999999999999829e+01
8.638400000000000034e+01 8.940999999999999659e+01
8.995000000000000284e+01 9.123000000000000398e+01
9.194599999999999795e+01 9.289000000000000057e+01
9.320600000000000307e+01 9.343999999999999773e+01
9.408400000000000318e+01 9.385999999999999943e+01
9.476000000000000512e+01 9.429999999999999716e+01
9.546200000000000330e+01 9.464000000000000057e+01
9.605400000000000205e+01 9.479999999999999716e+01
9.629000000000000625e+01 9.501000000000000512e+01
9.695199999999999818e+01 9.496999999999999886e+01
9.713200000000000500e+01 9.528000000000000114e+01
9.746599999999999397e+01 9.529000000000000625e+01
9.766800000000000637e+01 9.520000000000000284e+01
9.785200000000000387e+01 9.540000000000000568e+01
9.804399999999999693e+01 9.545000000000000284e+01
9.814199999999999591e+01 9.540000000000000568e+01
9.844199999999999307e+01 9.571999999999999886e+01
9.848399999999999466e+01 9.579000000000000625e+01
9.856000000000000227e+01 9.584000000000000341e+01
9.873399999999999466e+01 9.568999999999999773e+01
9.865800000000000125e+01 9.575000000000000000e+01
9.881000000000000227e+01 9.584000000000000341e+01
9.893999999999999773e+01 9.592000000000000171e+01
9.903400000000000603e+01 9.579000000000000625e+01
9.900799999999999557e+01 9.606000000000000227e+01
9.915600000000000591e+01 9.576999999999999602e+01
9.913800000000000523e+01 9.595000000000000284e+01
9.919400000000000261e+01 9.571999999999999886e+01
9.923000000000000398e+01 9.590000000000000568e+01
9.917400000000000659e+01 9.592000000000000171e+01
9.922799999999999443e+01 9.601999999999999602e+01
9.929999999999999716e+01 9.612000000000000455e+01
9.935399999999999920e+01 9.596999999999999886e+01
9.931799999999999784e+01 9.593000000000000682e+01
9.939199999999999591e+01 9.609000000000000341e+01
9.939199999999999591e+01 9.610999999999999943e+01
9.948000000000000398e+01 9.584000000000000341e+01
9.945999999999999375e+01 9.606999999999999318e+01
9.948199999999999932e+01 9.595000000000000284e+01
9.946999999999999886e+01 9.615000000000000568e+01
9.951999999999999602e+01 9.596999999999999886e+01
9.952599999999999625e+01 9.612000000000000455e+01
9.953199999999999648e+01 9.584000000000000341e+01
9.957999999999999829e+01 9.606999999999999318e+01
9.958799999999999386e+01 9.604999999999999716e+01
9.955599999999999739e+01 9.596999999999999886e+01
9.956799999999999784e+01 9.582999999999999829e+01
9.954600000000000648e+01 9.592000000000000171e+01
