3.117999999999999883e+00 1.366000000000000014e+01
2.560000000000000142e+01 4.667999999999999972e+01
5.221200000000000330e+01 6.286999999999999744e+01
6.469799999999999329e+01 6.979000000000000625e+01
7.080400000000000205e+01 7.406000000000000227e+01
7.507599999999999341e+01 7.665000000000000568e+01
7.795600000000000307e+01 7.839000000000000057e+01
8.056199999999999761e+01 7.959000000000000341e+01
8.217600000000000193e+01 8.048999999999999488e+01
8.414600000000000080e+01 8.126999999999999602e+01
8.544599999999999795e+01 8.173999999999999488e+01
8.684199999999999875e+01 8.198000000000000398e+01
8.790200000000000102e+01 8.203000000000000114e+01
8.890200000000000102e+01 8.223000000000000398e+01
8.997799999999999443e+01 8.281000000000000227e+01
9.070600000000000307e+01 8.303000000000000114e+01
9.146599999999999397e+01 8.292000000000000171e+01
9.209000000000000341e+01 8.309000000000000341e+01
9.279200000000000159e+01 8.312000000000000455e+01
9.339000000000000057e+01 8.312999999999999545e+01
9.393600000000000705e+01 8.331999999999999318e+01
9.414799999999999613e+01 8.348000000000000398e+01
9.459600000000000364e+01 8.351000000000000512e+01
9.504000000000000625e+01 8.323000000000000398e+01
9.544400000000000261e+01 8.354999999999999716e+01
9.588800000000000523e+01 8.368000000000000682e+01
9.588599999999999568e+01 8.382999999999999829e+01
9.623799999999999955e+01 8.357999999999999829e+01
9.646800000000000352e+01 8.368000000000000682e+01
9.661799999999999500e+01 8.367000000000000171e+01
9.695399999999999352e+01 8.409000000000000341e+01
9.718800000000000239e+01 8.387999999999999545e+01
9.727200000000000557e+01 8.393000000000000682e+01
9.734600000000000364e+01 8.395000000000000284e+01
9.752400000000000091e+01 8.409999999999999432e+01
9.773600000000000421e+01 8.420999999999999375e+01
9.771800000000000352e+01 8.381000000000000227e+01
9.782599999999999341e+01 8.417000000000000171e+01
9.800000000000000000e+01 8.415000000000000568e+01
9.816400000000000148e+01 8.410999999999999943e+01
9.823000000000000398e+01 8.393000000000000682e+01
9.830400000000000205e+01 8.415999999999999659e+01
9.830800000000000693e+01 8.423999999999999488e+01
9.829000000000000625e+01 8.409999999999999432e+01
9.844599999999999795e+01 8.423999999999999488e+01
9.860200000000000387e+01 8.431000000000000227e+01
9.851000000000000512e+01 8.423000000000000398e+01
9.858199999999999363e+01 8.434000000000000341e+01
9.864000000000000057e+01 8.406000000000000227e+01
9.870399999999999352e+01 8.423000000000000398e+01
