2.970200000000000173e+01 6.032000000000000028e+01
6.205400000000000205e+01 7.120000000000000284e+01
6.965000000000000568e+01 7.506999999999999318e+01
7.399599999999999511e+01 7.700000000000000000e+01
7.661799999999999500e+01 7.848999999999999488e+01
7.882399999999999807e+01 7.965999999999999659e+01
8.030800000000000693e+01 8.070000000000000284e+01
8.209600000000000364e+01 8.107999999999999829e+01
8.293200000000000216e+01 8.157999999999999829e+01
8.383799999999999386e+01 8.189000000000000057e+01
8.497599999999999909e+01 8.231999999999999318e+01
8.586199999999999477e+01 8.251999999999999602e+01
8.663599999999999568e+01 8.270000000000000284e+01
8.742199999999999704e+01 8.298999999999999488e+01
8.787600000000000477e+01 8.354999999999999716e+01
8.832399999999999807e+01 8.350000000000000000e+01
8.915600000000000591e+01 8.370000000000000284e+01
8.952200000000000557e+01 8.375000000000000000e+01
9.014600000000000080e+01 8.395000000000000284e+01
9.045199999999999818e+01 8.407999999999999829e+01
9.087600000000000477e+01 8.445000000000000284e+01
9.134199999999999875e+01 8.451000000000000512e+01
9.166200000000000614e+01 8.428000000000000114e+01
9.202200000000000557e+01 8.437000000000000455e+01
9.232999999999999829e+01 8.432999999999999829e+01
9.265600000000000591e+01 8.451999999999999602e+01
9.304999999999999716e+01 8.473000000000000398e+01
9.353600000000000136e+01 8.487999999999999545e+01
9.375799999999999557e+01 8.504000000000000625e+01
9.396200000000000330e+01 8.487000000000000455e+01
9.440399999999999636e+01 8.520000000000000284e+01
9.451200000000000045e+01 8.476999999999999602e+01
9.454399999999999693e+01 8.526000000000000512e+01
9.496999999999999886e+01 8.482999999999999829e+01
9.505400000000000205e+01 8.528000000000000114e+01
9.522799999999999443e+01 8.518000000000000682e+01
9.531399999999999295e+01 8.532999999999999829e+01
9.554999999999999716e+01 8.520000000000000284e+01
9.593800000000000239e+01 8.509999999999999432e+01
9.599399999999999977e+01 8.560999999999999943e+01
9.619199999999999307e+01 8.560999999999999943e+01
9.622199999999999420e+01 8.543999999999999773e+01
9.629399999999999693e+01 8.543000000000000682e+01
9.658400000000000318e+01 8.553000000000000114e+01
9.665999999999999659e+01 8.529000000000000625e+01
9.678799999999999670e+01 8.546999999999999886e+01
9.688599999999999568e+01 8.521999999999999886e+01
9.692799999999999727e+01 8.543000000000000682e+01
9.702599999999999625e+01 8.554999999999999716e+01
9.701000000000000512e+01 8.576999999999999602e+01
