4.114800000000000324e+01 6.904999999999999716e+01
7.262999999999999545e+01 7.703000000000000114e+01
8.001000000000000512e+01 7.996999999999999886e+01
8.396399999999999864e+01 8.087999999999999545e+01
8.711599999999999966e+01 8.192000000000000171e+01
8.915000000000000568e+01 8.239000000000000057e+01
9.071599999999999397e+01 8.270000000000000284e+01
9.240600000000000591e+01 8.340999999999999659e+01
9.347799999999999443e+01 8.296999999999999886e+01
9.448199999999999932e+01 8.329000000000000625e+01
9.498000000000000398e+01 8.356000000000000227e+01
9.582999999999999829e+01 8.298999999999999488e+01
9.633799999999999386e+01 8.303000000000000114e+01
9.676600000000000534e+01 8.331000000000000227e+01
9.717199999999999704e+01 8.312999999999999545e+01
9.731199999999999761e+01 8.303000000000000114e+01
9.739199999999999591e+01 8.325000000000000000e+01
9.764199999999999591e+01 8.321999999999999886e+01
9.782800000000000296e+01 8.293999999999999773e+01
9.797799999999999443e+01 8.354999999999999716e+01
9.811799999999999500e+01 8.306999999999999318e+01
9.807200000000000273e+01 8.359999999999999432e+01
9.817000000000000171e+01 8.337999999999999545e+01
9.823000000000000398e+01 8.345999999999999375e+01
9.836799999999999500e+01 8.282999999999999829e+01
9.845600000000000307e+01 8.317000000000000171e+01
9.845199999999999818e+01 8.335999999999999943e+01
9.856600000000000250e+01 8.326000000000000512e+01
9.856600000000000250e+01 8.326999999999999602e+01
9.872599999999999909e+01 8.343000000000000682e+01
9.867799999999999727e+01 8.348999999999999488e+01
9.858799999999999386e+01 8.301999999999999602e+01
9.864000000000000057e+01 8.304999999999999716e+01
9.875199999999999534e+01 8.317000000000000171e+01
9.881999999999999318e+01 8.331999999999999318e+01
9.882200000000000273e+01 8.292000000000000171e+01
9.881799999999999784e+01 8.304000000000000625e+01
9.864799999999999613e+01 8.392000000000000171e+01
9.886599999999999966e+01 8.365999999999999659e+01
9.886799999999999500e+01 8.343000000000000682e+01
9.885200000000000387e+01 8.315000000000000568e+01
9.889799999999999613e+01 8.332999999999999829e+01
9.898999999999999488e+01 8.339000000000000057e+01
9.889400000000000546e+01 8.339000000000000057e+01
9.892799999999999727e+01 8.362999999999999545e+01
9.897400000000000375e+01 8.379000000000000625e+01
9.891200000000000614e+01 8.392000000000000171e+01
9.899599999999999511e+01 8.353000000000000114e+01
9.900600000000000023e+01 8.340000000000000568e+01
9.893999999999999773e+01 8.356999999999999318e+01
