3.785999999999999943e+01 6.715999999999999659e+01
7.052800000000000580e+01 7.645000000000000284e+01
7.866200000000000614e+01 7.956999999999999318e+01
8.259999999999999432e+01 8.071999999999999886e+01
8.563599999999999568e+01 8.195000000000000284e+01
8.810999999999999943e+01 8.253000000000000114e+01
8.989000000000000057e+01 8.256000000000000227e+01
9.128000000000000114e+01 8.303000000000000114e+01
9.260800000000000409e+01 8.320999999999999375e+01
9.353600000000000136e+01 8.345000000000000284e+01
9.446200000000000330e+01 8.346999999999999886e+01
9.505200000000000671e+01 8.354000000000000625e+01
9.572400000000000375e+01 8.376000000000000512e+01
9.610999999999999943e+01 8.403000000000000114e+01
9.639799999999999613e+01 8.395000000000000284e+01
9.680599999999999739e+01 8.412000000000000455e+01
9.720799999999999841e+01 8.384999999999999432e+01
9.742400000000000659e+01 8.362000000000000455e+01
9.790200000000000102e+01 8.401999999999999602e+01
9.776600000000000534e+01 8.392000000000000171e+01
9.809799999999999898e+01 8.404000000000000625e+01
9.827200000000000557e+01 8.412999999999999545e+01
9.840600000000000591e+01 8.429999999999999716e+01
9.839600000000000080e+01 8.412000000000000455e+01
9.854000000000000625e+01 8.429999999999999716e+01
9.859799999999999898e+01 8.434000000000000341e+01
9.862800000000000011e+01 8.420000000000000284e+01
9.861400000000000432e+01 8.440999999999999659e+01
9.881199999999999761e+01 8.426000000000000512e+01
9.879999999999999716e+01 8.431999999999999318e+01
9.891800000000000637e+01 8.415999999999999659e+01
9.899599999999999511e+01 8.440000000000000568e+01
9.891200000000000614e+01 8.407999999999999829e+01
9.905200000000000671e+01 8.435999999999999943e+01
9.900799999999999557e+01 8.443000000000000682e+01
9.909399999999999409e+01 8.456000000000000227e+01
9.912999999999999545e+01 8.429999999999999716e+01
9.911799999999999500e+01 8.426999999999999602e+01
9.912000000000000455e+01 8.448000000000000398e+01
9.921999999999999886e+01 8.448000000000000398e+01
9.917000000000000171e+01 8.434000000000000341e+01
9.916599999999999682e+01 8.426000000000000512e+01
9.920600000000000307e+01 8.470999999999999375e+01
9.921999999999999886e+01 8.437000000000000455e+01
9.921999999999999886e+01 8.429999999999999716e+01
9.923799999999999955e+01 8.446999999999999886e+01
9.929000000000000625e+01 8.454999999999999716e+01
9.928600000000000136e+01 8.453000000000000114e+01
9.928799999999999670e+01 8.432999999999999829e+01
9.929600000000000648e+01 8.462000000000000455e+01
