5.274799999999999756e+01 7.373000000000000398e+01
7.525799999999999557e+01 7.925000000000000000e+01
8.118399999999999750e+01 8.160999999999999943e+01
8.484999999999999432e+01 8.250000000000000000e+01
8.746999999999999886e+01 8.345999999999999375e+01
8.970399999999999352e+01 8.348000000000000398e+01
9.124399999999999977e+01 8.393000000000000682e+01
9.269599999999999795e+01 8.437000000000000455e+01
9.372599999999999909e+01 8.414000000000000057e+01
9.492400000000000659e+01 8.425000000000000000e+01
9.543600000000000705e+01 8.434000000000000341e+01
9.606999999999999318e+01 8.464000000000000057e+01
9.649599999999999511e+01 8.448000000000000398e+01
9.689199999999999591e+01 8.451999999999999602e+01
9.727400000000000091e+01 8.487000000000000455e+01
9.734199999999999875e+01 8.459000000000000341e+01
9.764400000000000546e+01 8.468999999999999773e+01
9.779800000000000182e+01 8.489000000000000057e+01
9.799800000000000466e+01 8.471999999999999886e+01
9.815000000000000568e+01 8.481000000000000227e+01
9.834199999999999875e+01 8.487000000000000455e+01
9.835800000000000409e+01 8.529000000000000625e+01
9.841800000000000637e+01 8.471999999999999886e+01
9.846399999999999864e+01 8.504000000000000625e+01
9.847599999999999909e+01 8.495000000000000284e+01
9.859999999999999432e+01 8.462999999999999545e+01
9.856600000000000250e+01 8.495999999999999375e+01
9.869199999999999307e+01 8.493000000000000682e+01
9.876399999999999579e+01 8.467000000000000171e+01
9.868600000000000705e+01 8.473000000000000398e+01
9.887600000000000477e+01 8.459999999999999432e+01
9.879999999999999716e+01 8.493000000000000682e+01
9.876399999999999579e+01 8.456000000000000227e+01
9.886199999999999477e+01 8.479999999999999716e+01
9.883799999999999386e+01 8.479000000000000625e+01
9.893399999999999750e+01 8.498000000000000398e+01
9.885200000000000387e+01 8.465000000000000568e+01
9.890600000000000591e+01 8.526000000000000512e+01
9.893999999999999773e+01 8.418999999999999773e+01
9.894400000000000261e+01 8.465999999999999659e+01
9.887600000000000477e+01 8.439000000000000057e+01
9.900199999999999534e+01 8.384999999999999432e+01
9.890600000000000591e+01 8.429000000000000625e+01
9.898600000000000421e+01 8.470999999999999375e+01
9.903000000000000114e+01 8.471999999999999886e+01
9.903400000000000603e+01 8.442000000000000171e+01
9.900199999999999534e+01 8.404000000000000625e+01
9.894199999999999307e+01 8.429000000000000625e+01
9.900000000000000000e+01 8.410999999999999943e+01
9.910999999999999943e+01 8.456999999999999318e+01
