5.109799999999999898e+01 7.356000000000000227e+01
7.400600000000000023e+01 7.831999999999999318e+01
7.965399999999999636e+01 8.079000000000000625e+01
8.302400000000000091e+01 8.131999999999999318e+01
8.552800000000000580e+01 8.248999999999999488e+01
8.751200000000000045e+01 8.301999999999999602e+01
8.913200000000000500e+01 8.340999999999999659e+01
9.034399999999999409e+01 8.373999999999999488e+01
9.143000000000000682e+01 8.387000000000000455e+01
9.219599999999999795e+01 8.409000000000000341e+01
9.322199999999999420e+01 8.409999999999999432e+01
9.381199999999999761e+01 8.431999999999999318e+01
9.443399999999999750e+01 8.434000000000000341e+01
9.497199999999999420e+01 8.462999999999999545e+01
9.525799999999999557e+01 8.462999999999999545e+01
9.570000000000000284e+01 8.456000000000000227e+01
9.610999999999999943e+01 8.457999999999999829e+01
9.647799999999999443e+01 8.464000000000000057e+01
9.674800000000000466e+01 8.454999999999999716e+01
9.687600000000000477e+01 8.468000000000000682e+01
9.701600000000000534e+01 8.467000000000000171e+01
9.734999999999999432e+01 8.501000000000000512e+01
9.758599999999999852e+01 8.498999999999999488e+01
9.759799999999999898e+01 8.485999999999999943e+01
9.769599999999999795e+01 8.490000000000000568e+01
9.784399999999999409e+01 8.490999999999999659e+01
9.811599999999999966e+01 8.504999999999999716e+01
9.800199999999999534e+01 8.515999999999999659e+01
9.809399999999999409e+01 8.464000000000000057e+01
9.822400000000000375e+01 8.504999999999999716e+01
9.825000000000000000e+01 8.501999999999999602e+01
9.832999999999999829e+01 8.518000000000000682e+01
9.846999999999999886e+01 8.529000000000000625e+01
9.858799999999999386e+01 8.514000000000000057e+01
9.856999999999999318e+01 8.529000000000000625e+01
9.864400000000000546e+01 8.523000000000000398e+01
9.869199999999999307e+01 8.534000000000000341e+01
9.876200000000000045e+01 8.515000000000000568e+01
9.873000000000000398e+01 8.543999999999999773e+01
9.880599999999999739e+01 8.529000000000000625e+01
9.885800000000000409e+01 8.539000000000000057e+01
9.879200000000000159e+01 8.543999999999999773e+01
9.901200000000000045e+01 8.556000000000000227e+01
9.899800000000000466e+01 8.545999999999999375e+01
9.906799999999999784e+01 8.545000000000000284e+01
9.907399999999999807e+01 8.543999999999999773e+01
9.907200000000000273e+01 8.532999999999999829e+01
9.896800000000000352e+01 8.559999999999999432e+01
9.904800000000000182e+01 8.560999999999999943e+01
9.907399999999999807e+01 8.559999999999999432e+01
