1.441799999999999926e+01 4.427000000000000313e+01
5.306799999999999784e+01 6.506000000000000227e+01
6.685399999999999920e+01 7.193000000000000682e+01
7.237399999999999523e+01 7.467000000000000171e+01
7.640000000000000568e+01 7.734999999999999432e+01
7.899399999999999977e+01 7.843999999999999773e+01
8.082599999999999341e+01 7.879999999999999716e+01
8.285399999999999920e+01 7.971999999999999886e+01
8.420000000000000284e+01 7.984999999999999432e+01
8.574200000000000443e+01 8.056000000000000227e+01
8.667799999999999727e+01 8.051000000000000512e+01
8.777599999999999625e+01 8.098000000000000398e+01
8.888800000000000523e+01 8.135999999999999943e+01
9.009999999999999432e+01 8.146999999999999886e+01
9.062600000000000477e+01 8.165999999999999659e+01
9.129399999999999693e+01 8.201999999999999602e+01
9.205200000000000671e+01 8.206999999999999318e+01
9.251800000000000068e+01 8.201999999999999602e+01
9.310800000000000409e+01 8.248000000000000398e+01
9.362600000000000477e+01 8.206000000000000227e+01
9.412600000000000477e+01 8.223000000000000398e+01
9.451000000000000512e+01 8.251000000000000512e+01
9.491599999999999682e+01 8.254000000000000625e+01
9.539199999999999591e+01 8.215999999999999659e+01
9.547400000000000375e+01 8.270000000000000284e+01
9.576600000000000534e+01 8.273000000000000398e+01
9.622599999999999909e+01 8.251999999999999602e+01
9.639199999999999591e+01 8.270999999999999375e+01
9.647599999999999909e+01 8.260999999999999943e+01
9.679999999999999716e+01 8.254000000000000625e+01
9.688400000000000034e+01 8.268999999999999773e+01
9.719199999999999307e+01 8.292000000000000171e+01
9.722199999999999420e+01 8.282999999999999829e+01
9.731799999999999784e+01 8.270999999999999375e+01
9.738200000000000500e+01 8.284000000000000341e+01
9.763599999999999568e+01 8.296999999999999886e+01
9.780400000000000205e+01 8.281000000000000227e+01
9.782200000000000273e+01 8.262999999999999545e+01
9.799800000000000466e+01 8.243999999999999773e+01
9.791400000000000148e+01 8.260999999999999943e+01
9.800199999999999534e+01 8.254999999999999716e+01
9.810800000000000409e+01 8.246999999999999886e+01
9.815800000000000125e+01 8.231999999999999318e+01
9.818600000000000705e+01 8.278000000000000114e+01
9.832999999999999829e+01 8.281000000000000227e+01
9.843999999999999773e+01 8.268999999999999773e+01
9.851399999999999579e+01 8.262999999999999545e+01
9.840000000000000568e+01 8.287000000000000455e+01
9.854800000000000182e+01 8.251000000000000512e+01
9.847599999999999909e+01 8.268999999999999773e+01
