7.120600000000000307e+01 8.837999999999999545e+01
9.001000000000000512e+01 9.218000000000000682e+01
9.289799999999999613e+01 9.343000000000000682e+01
9.426800000000000068e+01 9.412999999999999545e+01
9.525000000000000000e+01 9.470999999999999375e+01
9.605599999999999739e+01 9.482999999999999829e+01
9.668399999999999750e+01 9.496999999999999886e+01
9.709600000000000364e+01 9.523000000000000398e+01
9.752400000000000091e+01 9.512000000000000455e+01
9.793000000000000682e+01 9.534000000000000341e+01
9.804600000000000648e+01 9.539000000000000057e+01
9.834999999999999432e+01 9.535999999999999943e+01
9.850000000000000000e+01 9.548999999999999488e+01
9.869599999999999795e+01 9.557999999999999829e+01
9.876399999999999579e+01 9.562000000000000455e+01
9.885200000000000387e+01 9.579000000000000625e+01
9.897599999999999909e+01 9.548999999999999488e+01
9.901000000000000512e+01 9.565000000000000568e+01
9.912600000000000477e+01 9.575000000000000000e+01
9.927599999999999625e+01 9.559999999999999432e+01
9.926999999999999602e+01 9.560999999999999943e+01
9.935399999999999920e+01 9.587999999999999545e+01
9.932200000000000273e+01 9.589000000000000057e+01
9.940800000000000125e+01 9.579000000000000625e+01
9.941400000000000148e+01 9.573000000000000398e+01
9.940999999999999659e+01 9.564000000000000057e+01
9.943399999999999750e+01 9.576000000000000512e+01
9.949399999999999977e+01 9.592000000000000171e+01
9.950199999999999534e+01 9.584000000000000341e+01
9.954800000000000182e+01 9.607999999999999829e+01
9.948600000000000421e+01 9.603000000000000114e+01
9.957999999999999829e+01 9.601000000000000512e+01
9.956000000000000227e+01 9.584999999999999432e+01
9.960200000000000387e+01 9.593000000000000682e+01
9.958199999999999363e+01 9.598000000000000398e+01
9.960200000000000387e+01 9.571999999999999886e+01
9.962199999999999989e+01 9.595000000000000284e+01
9.956799999999999784e+01 9.593999999999999773e+01
9.963400000000000034e+01 9.589000000000000057e+01
9.966200000000000614e+01 9.604000000000000625e+01
9.962600000000000477e+01 9.601000000000000512e+01
9.962399999999999523e+01 9.596999999999999886e+01
9.966599999999999682e+01 9.589000000000000057e+01
9.969799999999999329e+01 9.578000000000000114e+01
9.964600000000000080e+01 9.617000000000000171e+01
9.967199999999999704e+01 9.589000000000000057e+01
9.967000000000000171e+01 9.606000000000000227e+01
9.966599999999999682e+01 9.607999999999999829e+01
9.967799999999999727e+01 9.584999999999999432e+01
9.972400000000000375e+01 9.609999999999999432e+01
