2.521999999999999797e+00 9.550000000000000711e+00
2.012000000000000099e+01 4.292000000000000171e+01
4.742199999999999704e+01 6.014999999999999858e+01
6.169200000000000017e+01 6.820000000000000284e+01
6.826399999999999579e+01 7.254000000000000625e+01
7.248199999999999932e+01 7.571999999999999886e+01
7.586400000000000432e+01 7.790999999999999659e+01
7.806600000000000250e+01 7.912000000000000455e+01
7.998999999999999488e+01 8.026999999999999602e+01
8.165999999999999659e+01 8.106000000000000227e+01
8.291599999999999682e+01 8.142000000000000171e+01
8.420799999999999841e+01 8.184000000000000341e+01
8.531199999999999761e+01 8.235999999999999943e+01
8.626000000000000512e+01 8.293000000000000682e+01
8.689400000000000546e+01 8.282999999999999829e+01
8.791800000000000637e+01 8.339000000000000057e+01
8.856199999999999761e+01 8.340000000000000568e+01
8.937600000000000477e+01 8.396999999999999886e+01
8.987999999999999545e+01 8.398000000000000398e+01
9.039000000000000057e+01 8.418000000000000682e+01
9.112600000000000477e+01 8.423000000000000398e+01
9.145999999999999375e+01 8.428000000000000114e+01
9.226399999999999579e+01 8.450000000000000000e+01
9.251999999999999602e+01 8.448000000000000398e+01
9.301999999999999602e+01 8.440000000000000568e+01
9.328600000000000136e+01 8.454999999999999716e+01
9.367199999999999704e+01 8.460999999999999943e+01
9.418200000000000216e+01 8.468000000000000682e+01
9.418600000000000705e+01 8.464000000000000057e+01
9.476999999999999602e+01 8.465000000000000568e+01
9.488400000000000034e+01 8.481000000000000227e+01
9.516400000000000148e+01 8.481000000000000227e+01
9.543999999999999773e+01 8.456000000000000227e+01
9.554999999999999716e+01 8.476000000000000512e+01
9.570399999999999352e+01 8.473999999999999488e+01
9.616200000000000614e+01 8.476000000000000512e+01
9.625000000000000000e+01 8.487000000000000455e+01
9.635599999999999454e+01 8.475000000000000000e+01
9.658599999999999852e+01 8.490000000000000568e+01
9.655400000000000205e+01 8.484999999999999432e+01
9.676600000000000534e+01 8.484000000000000341e+01
9.698999999999999488e+01 8.484999999999999432e+01
9.715800000000000125e+01 8.475000000000000000e+01
9.730200000000000671e+01 8.481000000000000227e+01
9.739600000000000080e+01 8.479000000000000625e+01
9.743200000000000216e+01 8.495000000000000284e+01
9.755599999999999739e+01 8.518999999999999773e+01
9.760599999999999454e+01 8.485999999999999943e+01
9.767199999999999704e+01 8.518999999999999773e+01
9.784199999999999875e+01 8.495999999999999375e+01
