4.379999999999999716e+01 7.160999999999999943e+01
7.539000000000000057e+01 7.825000000000000000e+01
8.363200000000000500e+01 8.085999999999999943e+01
8.821599999999999397e+01 8.225000000000000000e+01
9.121599999999999397e+01 8.251999999999999602e+01
9.335599999999999454e+01 8.290000000000000568e+01
9.475799999999999557e+01 8.278000000000000114e+01
9.579800000000000182e+01 8.292000000000000171e+01
9.638400000000000034e+01 8.325000000000000000e+01
9.687800000000000011e+01 8.318000000000000682e+01
9.738800000000000523e+01 8.306000000000000227e+01
9.759399999999999409e+01 8.312999999999999545e+01
9.784399999999999409e+01 8.315999999999999659e+01
9.786199999999999477e+01 8.321999999999999886e+01
9.816400000000000148e+01 8.323000000000000398e+01
9.822799999999999443e+01 8.359000000000000341e+01
9.832599999999999341e+01 8.318999999999999773e+01
9.847599999999999909e+01 8.301999999999999602e+01
9.837399999999999523e+01 8.323000000000000398e+01
9.837199999999999989e+01 8.359000000000000341e+01
9.852400000000000091e+01 8.317000000000000171e+01
9.863400000000000034e+01 8.309000000000000341e+01
9.854399999999999693e+01 8.290000000000000568e+01
9.870199999999999818e+01 8.303000000000000114e+01
9.863599999999999568e+01 8.318999999999999773e+01
9.867199999999999704e+01 8.337000000000000455e+01
9.873600000000000421e+01 8.356000000000000227e+01
9.870600000000000307e+01 8.371999999999999886e+01
9.876600000000000534e+01 8.340000000000000568e+01
9.887600000000000477e+01 8.259000000000000341e+01
9.871800000000000352e+01 8.379999999999999716e+01
9.879000000000000625e+01 8.332999999999999829e+01
9.885200000000000387e+01 8.304000000000000625e+01
9.883599999999999852e+01 8.339000000000000057e+01
9.893399999999999750e+01 8.312000000000000455e+01
9.879999999999999716e+01 8.325000000000000000e+01
9.893600000000000705e+01 8.312999999999999545e+01
9.883400000000000318e+01 8.295999999999999375e+01
9.907399999999999807e+01 8.356000000000000227e+01
9.895000000000000284e+01 8.262999999999999545e+01
9.875199999999999534e+01 8.326999999999999602e+01
9.895799999999999841e+01 8.315000000000000568e+01
9.889600000000000080e+01 8.348999999999999488e+01
9.893999999999999773e+01 8.345000000000000284e+01
9.890000000000000568e+01 8.348000000000000398e+01
9.889600000000000080e+01 8.309999999999999432e+01
9.886799999999999500e+01 8.276999999999999602e+01
9.889000000000000057e+01 8.295000000000000284e+01
9.909799999999999898e+01 8.320999999999999375e+01
9.910399999999999920e+01 8.314000000000000057e+01
