3.141999999999999904e+00 1.084999999999999964e+01
1.303999999999999915e+01 2.621000000000000085e+01
2.459600000000000009e+01 3.589999999999999858e+01
3.378199999999999648e+01 4.382000000000000028e+01
4.110600000000000165e+01 5.000000000000000000e+01
4.727799999999999869e+01 5.460999999999999943e+01
5.104999999999999716e+01 5.770000000000000284e+01
5.371999999999999886e+01 6.007000000000000028e+01
5.657600000000000051e+01 6.277000000000000313e+01
5.893399999999999750e+01 6.456999999999999318e+01
6.024399999999999977e+01 6.595000000000000284e+01
6.218999999999999773e+01 6.676000000000000512e+01
6.345199999999999818e+01 6.817000000000000171e+01
6.456000000000000227e+01 6.943000000000000682e+01
6.555599999999999739e+01 6.940000000000000568e+01
6.658199999999999363e+01 7.007999999999999829e+01
6.752800000000000580e+01 7.137999999999999545e+01
6.796999999999999886e+01 7.156999999999999318e+01
6.918200000000000216e+01 7.193000000000000682e+01
6.943000000000000682e+01 7.250000000000000000e+01
7.025600000000000023e+01 7.309000000000000341e+01
7.098000000000000398e+01 7.345000000000000284e+01
7.101600000000000534e+01 7.323999999999999488e+01
7.188800000000000523e+01 7.412999999999999545e+01
7.222599999999999909e+01 7.428000000000000114e+01
7.283199999999999363e+01 7.504000000000000625e+01
7.330599999999999739e+01 7.506999999999999318e+01
7.370600000000000307e+01 7.520999999999999375e+01
7.407200000000000273e+01 7.548999999999999488e+01
7.429399999999999693e+01 7.578000000000000114e+01
7.475799999999999557e+01 7.592000000000000171e+01
7.523600000000000421e+01 7.601000000000000512e+01
7.521999999999999886e+01 7.668999999999999773e+01
7.544199999999999307e+01 7.659999999999999432e+01
7.585999999999999943e+01 7.684999999999999432e+01
7.649200000000000443e+01 7.693999999999999773e+01
7.629200000000000159e+01 7.706000000000000227e+01
7.653400000000000603e+01 7.751999999999999602e+01
7.706600000000000250e+01 7.764000000000000057e+01
7.721999999999999886e+01 7.768000000000000682e+01
7.746599999999999397e+01 7.759999999999999432e+01
7.783199999999999363e+01 7.807999999999999829e+01
7.798000000000000398e+01 7.800000000000000000e+01
7.808599999999999852e+01 7.810999999999999943e+01
7.822400000000000375e+01 7.842000000000000171e+01
7.864000000000000057e+01 7.864000000000000057e+01
7.889199999999999591e+01 7.878000000000000114e+01
7.884000000000000341e+01 7.903000000000000114e+01
7.932399999999999807e+01 7.912999999999999545e+01
7.953799999999999670e+01 7.910999999999999943e+01
