2.475999999999999979e+00 1.005000000000000071e+01
1.655999999999999872e+01 3.126000000000000156e+01
3.649799999999999756e+01 4.802000000000000313e+01
5.097399999999999665e+01 5.975999999999999801e+01
6.101599999999999824e+01 6.632999999999999829e+01
6.739000000000000057e+01 7.082999999999999829e+01
7.170999999999999375e+01 7.381999999999999318e+01
7.541800000000000637e+01 7.581999999999999318e+01
7.782200000000000273e+01 7.728000000000000114e+01
8.013400000000000034e+01 7.843000000000000682e+01
8.206600000000000250e+01 7.925000000000000000e+01
8.356999999999999318e+01 8.004000000000000625e+01
8.519799999999999329e+01 8.054999999999999716e+01
8.630800000000000693e+01 8.101999999999999602e+01
8.753600000000000136e+01 8.131000000000000227e+01
8.845999999999999375e+01 8.173000000000000398e+01
8.964199999999999591e+01 8.215999999999999659e+01
9.023600000000000421e+01 8.218000000000000682e+01
9.104800000000000182e+01 8.231000000000000227e+01
9.187800000000000011e+01 8.240999999999999659e+01
9.247599999999999909e+01 8.254000000000000625e+01
9.317400000000000659e+01 8.240000000000000568e+01
9.362399999999999523e+01 8.248999999999999488e+01
9.418000000000000682e+01 8.292000000000000171e+01
9.452200000000000557e+01 8.301999999999999602e+01
9.512600000000000477e+01 8.310999999999999943e+01
9.545000000000000284e+01 8.293000000000000682e+01
9.562999999999999545e+01 8.287999999999999545e+01
9.606600000000000250e+01 8.325000000000000000e+01
9.628400000000000603e+01 8.301999999999999602e+01
9.668000000000000682e+01 8.301999999999999602e+01
9.693800000000000239e+01 8.290999999999999659e+01
9.696999999999999886e+01 8.301999999999999602e+01
9.738599999999999568e+01 8.303000000000000114e+01
9.743600000000000705e+01 8.300000000000000000e+01
9.751800000000000068e+01 8.332999999999999829e+01
9.761400000000000432e+01 8.318000000000000682e+01
9.778600000000000136e+01 8.318000000000000682e+01
9.809799999999999898e+01 8.354000000000000625e+01
9.811199999999999477e+01 8.332999999999999829e+01
9.815800000000000125e+01 8.348999999999999488e+01
9.816400000000000148e+01 8.320999999999999375e+01
9.821599999999999397e+01 8.301000000000000512e+01
9.845000000000000284e+01 8.326999999999999602e+01
9.863200000000000500e+01 8.334000000000000341e+01
9.866599999999999682e+01 8.335999999999999943e+01
9.863599999999999568e+01 8.343999999999999773e+01
9.873000000000000398e+01 8.329999999999999716e+01
9.883799999999999386e+01 8.356999999999999318e+01
9.883799999999999386e+01 8.334999999999999432e+01
