4.247599999999999909e+01 7.006999999999999318e+01
7.472400000000000375e+01 7.856999999999999318e+01
8.326399999999999579e+01 8.075000000000000000e+01
8.798000000000000398e+01 8.182999999999999829e+01
9.077200000000000557e+01 8.223999999999999488e+01
9.301000000000000512e+01 8.270999999999999375e+01
9.454999999999999716e+01 8.293000000000000682e+01
9.576800000000000068e+01 8.301999999999999602e+01
9.663200000000000500e+01 8.340000000000000568e+01
9.709199999999999875e+01 8.339000000000000057e+01
9.750000000000000000e+01 8.365999999999999659e+01
9.782800000000000296e+01 8.332999999999999829e+01
9.819400000000000261e+01 8.345000000000000284e+01
9.830400000000000205e+01 8.345000000000000284e+01
9.843600000000000705e+01 8.326999999999999602e+01
9.849200000000000443e+01 8.350000000000000000e+01
9.864199999999999591e+01 8.389000000000000057e+01
9.875400000000000489e+01 8.381999999999999318e+01
9.881799999999999784e+01 8.381999999999999318e+01
9.878199999999999648e+01 8.406000000000000227e+01
9.899800000000000466e+01 8.331999999999999318e+01
9.891400000000000148e+01 8.359999999999999432e+01
9.898999999999999488e+01 8.346999999999999886e+01
9.912800000000000011e+01 8.329999999999999716e+01
9.897199999999999420e+01 8.309000000000000341e+01
9.910999999999999943e+01 8.337999999999999545e+01
9.906799999999999784e+01 8.389000000000000057e+01
9.915200000000000102e+01 8.395999999999999375e+01
9.918399999999999750e+01 8.354999999999999716e+01
9.926200000000000045e+01 8.368999999999999773e+01
9.921599999999999397e+01 8.342000000000000171e+01
9.928000000000000114e+01 8.309999999999999432e+01
9.922799999999999443e+01 8.376999999999999602e+01
9.922799999999999443e+01 8.345999999999999375e+01
9.915999999999999659e+01 8.348000000000000398e+01
9.921599999999999397e+01 8.351000000000000512e+01
9.923000000000000398e+01 8.387000000000000455e+01
9.929800000000000182e+01 8.362999999999999545e+01
9.926399999999999579e+01 8.351000000000000512e+01
9.931000000000000227e+01 8.346999999999999886e+01
9.926000000000000512e+01 8.357999999999999829e+01
9.931999999999999318e+01 8.334000000000000341e+01
9.928199999999999648e+01 8.389000000000000057e+01
9.920999999999999375e+01 8.329000000000000625e+01
9.930800000000000693e+01 8.362999999999999545e+01
9.923999999999999488e+01 8.271999999999999886e+01
9.912600000000000477e+01 8.343999999999999773e+01
9.931000000000000227e+01 8.284000000000000341e+01
9.937199999999999989e+01 8.343000000000000682e+01
9.940800000000000125e+01 8.320000000000000284e+01
