5.977799999999999869e+01 7.835999999999999943e+01
8.073199999999999932e+01 8.129000000000000625e+01
8.623799999999999955e+01 8.328000000000000114e+01
8.910599999999999454e+01 8.368999999999999773e+01
9.164400000000000546e+01 8.412999999999999545e+01
9.309600000000000364e+01 8.442000000000000171e+01
9.440399999999999636e+01 8.429999999999999716e+01
9.529000000000000625e+01 8.464000000000000057e+01
9.601200000000000045e+01 8.454999999999999716e+01
9.667400000000000659e+01 8.459000000000000341e+01
9.700000000000000000e+01 8.473999999999999488e+01
9.753799999999999670e+01 8.476999999999999602e+01
9.768600000000000705e+01 8.479000000000000625e+01
9.785800000000000409e+01 8.501000000000000512e+01
9.821999999999999886e+01 8.535999999999999943e+01
9.837000000000000455e+01 8.523000000000000398e+01
9.842600000000000193e+01 8.514000000000000057e+01
9.862999999999999545e+01 8.506000000000000227e+01
9.877200000000000557e+01 8.518000000000000682e+01
9.873600000000000421e+01 8.493000000000000682e+01
9.886199999999999477e+01 8.512000000000000455e+01
9.895000000000000284e+01 8.518999999999999773e+01
9.899399999999999977e+01 8.517000000000000171e+01
9.902800000000000580e+01 8.535999999999999943e+01
9.911599999999999966e+01 8.539000000000000057e+01
9.907800000000000296e+01 8.545999999999999375e+01
9.914199999999999591e+01 8.506999999999999318e+01
9.915600000000000591e+01 8.520000000000000284e+01
9.925199999999999534e+01 8.528000000000000114e+01
9.933599999999999852e+01 8.509999999999999432e+01
9.935200000000000387e+01 8.540000000000000568e+01
9.924800000000000466e+01 8.509000000000000341e+01
9.936199999999999477e+01 8.509999999999999432e+01
9.941800000000000637e+01 8.512999999999999545e+01
9.937199999999999989e+01 8.540999999999999659e+01
9.940600000000000591e+01 8.512000000000000455e+01
9.951800000000000068e+01 8.532999999999999829e+01
9.948600000000000421e+01 8.531000000000000227e+01
9.946200000000000330e+01 8.540999999999999659e+01
9.951600000000000534e+01 8.545999999999999375e+01
9.954399999999999693e+01 8.556999999999999318e+01
9.956199999999999761e+01 8.529999999999999716e+01
9.959399999999999409e+01 8.579000000000000625e+01
9.954000000000000625e+01 8.556000000000000227e+01
9.954399999999999693e+01 8.545000000000000284e+01
9.956399999999999295e+01 8.542000000000000171e+01
9.956600000000000250e+01 8.560999999999999943e+01
9.958599999999999852e+01 8.556000000000000227e+01
9.962800000000000011e+01 8.539000000000000057e+01
9.961199999999999477e+01 8.520000000000000284e+01
