4.335199999999999676e+01 7.039000000000000057e+01
7.478600000000000136e+01 7.804000000000000625e+01
8.281399999999999295e+01 8.057999999999999829e+01
8.689400000000000546e+01 8.193000000000000682e+01
8.984999999999999432e+01 8.239000000000000057e+01
9.207999999999999829e+01 8.265000000000000568e+01
9.394400000000000261e+01 8.290999999999999659e+01
9.518999999999999773e+01 8.304000000000000625e+01
9.601200000000000045e+01 8.359999999999999432e+01
9.672799999999999443e+01 8.337999999999999545e+01
9.727200000000000557e+01 8.323000000000000398e+01
9.766400000000000148e+01 8.331000000000000227e+01
9.794799999999999329e+01 8.370999999999999375e+01
9.806999999999999318e+01 8.370000000000000284e+01
9.831999999999999318e+01 8.385999999999999943e+01
9.856199999999999761e+01 8.379000000000000625e+01
9.862199999999999989e+01 8.387999999999999545e+01
9.875600000000000023e+01 8.396999999999999886e+01
9.901999999999999602e+01 8.393999999999999773e+01
9.907800000000000296e+01 8.418999999999999773e+01
9.911599999999999966e+01 8.387999999999999545e+01
9.920999999999999375e+01 8.406999999999999318e+01
9.921999999999999886e+01 8.409999999999999432e+01
9.931199999999999761e+01 8.431999999999999318e+01
9.927400000000000091e+01 8.425000000000000000e+01
9.925600000000000023e+01 8.431999999999999318e+01
9.937199999999999989e+01 8.389000000000000057e+01
9.946399999999999864e+01 8.387999999999999545e+01
9.940200000000000102e+01 8.378000000000000114e+01
9.947199999999999420e+01 8.412999999999999545e+01
9.945000000000000284e+01 8.406999999999999318e+01
9.942799999999999727e+01 8.401999999999999602e+01
9.951200000000000045e+01 8.423000000000000398e+01
9.951600000000000534e+01 8.404999999999999716e+01
9.949599999999999511e+01 8.440000000000000568e+01
9.959000000000000341e+01 8.426000000000000512e+01
9.960200000000000387e+01 8.432999999999999829e+01
9.959000000000000341e+01 8.409000000000000341e+01
9.959799999999999898e+01 8.434000000000000341e+01
9.960200000000000387e+01 8.453000000000000114e+01
9.958799999999999386e+01 8.417000000000000171e+01
9.962800000000000011e+01 8.440000000000000568e+01
9.960800000000000409e+01 8.459000000000000341e+01
9.965399999999999636e+01 8.440000000000000568e+01
9.968200000000000216e+01 8.467000000000000171e+01
9.968200000000000216e+01 8.479999999999999716e+01
9.966200000000000614e+01 8.423999999999999488e+01
9.970600000000000307e+01 8.451000000000000512e+01
9.971399999999999864e+01 8.453000000000000114e+01
9.971999999999999886e+01 8.462000000000000455e+01
